# iteration | simulation time (ps) | potential_energy (kT) | kinetic_energy (kT) | ns per day
         0      1.0 -7646.129 5449.802 64.095
         1      2.0 -7918.354 5416.636 63.889
         2      3.0 -7967.211 5519.806 63.881
         3      4.0 -8006.871 5595.740 63.872
         4      5.0 -8040.640 5486.172 63.925
         5      6.0 -7922.397 5333.372 63.834
         6      7.0 -8122.344 5342.285 63.861
         7      8.0 -8241.288 5362.938 63.251
         8      9.0 -8016.394 5497.417 63.298
         9     10.0 -8218.969 5429.551 63.344
        10     11.0 -8180.221 5520.000 63.390
        11     12.0 -8197.625 5405.448 63.423
        12     13.0 -8141.833 5567.278 63.454
        13     14.0 -8171.210 5409.697 63.492
        14     15.0 -8225.965 5449.210 63.527
        15     16.0 -8194.117 5581.577 63.555
        16     17.0 -8190.926 5357.792 63.567
        17     18.0 -8222.995 5493.753 63.574
        18     19.0 -8192.462 5409.762 63.585
        19     20.0 -8313.798 5531.828 63.591
        20     21.0 -8288.041 5462.687 63.600
        21     22.0 -8298.672 5373.966 63.610
        22     23.0 -8245.874 5552.543 63.617
        23     24.0 -8287.979 5561.901 63.621
        24     25.0 -8359.330 5550.964 63.629
        25     26.0 -8172.576 5434.374 63.632
        26     27.0 -8320.903 5236.480 63.640
        27     28.0 -8202.703 5459.513 63.644
        28     29.0 -8306.715 5598.880 63.650
        29     30.0 -8330.498 5564.963 63.494
        30     31.0 -8318.449 5360.273 63.501
        31     32.0 -8279.329 5415.070 63.508
        32     33.0 -8219.286 5386.040 63.519
        33     34.0 -8304.632 5545.445 63.524
        34     35.0 -8343.225 5528.474 63.533
        35     36.0 -8260.889 5545.766 63.539
        36     37.0 -8246.147 5553.767 63.547
        37     38.0 -8301.584 5418.925 63.541
        38     39.0 -8291.053 5481.419 63.547
        39     40.0 -8295.616 5473.484 63.555
        40     41.0 -8352.590 5537.177 63.569
        41     42.0 -8431.553 5429.591 63.578
        42     43.0 -8529.138 5542.211 63.586
        43     44.0 -8366.888 5508.475 63.594
        44     45.0 -8494.598 5297.584 63.601
        45     46.0 -8209.598 5427.254 63.608
        46     47.0 -8355.636 5383.058 63.617
        47     48.0 -8391.212 5498.120 63.622
        48     49.0 -8218.850 5520.336 63.625
        49     50.0 -8433.547 5549.922 63.628
        50     51.0 -8411.041 5476.559 63.632
        51     52.0 -8463.715 5570.444 63.635
        52     53.0 -8376.193 5423.594 63.574
        53     54.0 -8408.786 5538.570 63.576
        54     55.0 -8420.262 5551.688 63.579
        55     56.0 -8303.910 5386.733 63.581
        56     57.0 -8351.967 5589.785 63.585
        57     58.0 -8368.249 5527.058 63.586
        58     59.0 -8436.035 5586.927 63.587
        59     60.0 -8331.315 5357.425 63.592
        60     61.0 -8293.878 5590.266 63.592
        61     62.0 -8278.871 5364.727 63.594
        62     63.0 -8426.221 5501.844 63.594
        63     64.0 -8466.371 5376.419 63.593
        64     65.0 -8461.757 5515.426 63.595
        65     66.0 -8550.443 5400.690 63.594
        66     67.0 -8420.200 5428.480 63.597
        67     68.0 -8471.274 5512.581 63.600
        68     69.0 -8540.730 5510.995 63.600
        69     70.0 -8393.391 5581.275 63.595
        70     71.0 -8446.181 5510.726 63.593
        71     72.0 -8580.918 5506.500 63.590
        72     73.0 -8393.059 5460.122 63.587
        73     74.0 -8238.715 5501.370 63.584
        74     75.0 -8479.894 5400.897 63.515
        75     76.0 -8386.864 5473.187 63.518
        76     77.0 -8412.148 5435.400 63.515
        77     78.0 -8578.432 5502.677 63.511
        78     79.0 -8277.937 5535.184 63.497
        79     80.0 -8589.077 5511.920 63.498
        80     81.0 -8457.679 5450.041 63.496
        81     82.0 -8497.706 5584.184 63.494
        82     83.0 -8432.374 5431.020 63.491
        83     84.0 -8380.337 5514.159 63.489
        84     85.0 -8418.993 5522.860 63.481
        85     86.0 -8468.113 5544.048 63.477
        86     87.0 -8492.600 5492.075 63.473
        87     88.0 -8427.143 5502.824 63.465
        88     89.0 -8382.403 5433.656 63.460
        89     90.0 -8346.755 5542.232 63.456
        90     91.0 -8561.603 5522.806 63.454
        91     92.0 -8514.958 5676.500 63.453
        92     93.0 -8486.149 5305.850 63.452
        93     94.0 -8526.558 5575.255 63.449
        94     95.0 -8518.682 5427.163 63.448
        95     96.0 -8448.138 5584.121 63.445
        96     97.0 -8480.079 5588.148 63.399
        97     98.0 -8525.710 5447.641 63.402
        98     99.0 -8581.992 5614.309 63.400
        99    100.0 -8489.347 5483.437 63.399
