# iteration | simulation time (ps) | potential_energy (kT) | kinetic_energy (kT) | ns per day
         0      1.0 -9158.224 5480.625 64.016
         1      2.0 -9338.018 5388.134 63.957
         2      3.0 -9335.694 5376.508 63.951
         3      4.0 -9433.422 5362.836 63.948
         4      5.0 -9565.312 5379.867 63.932
         5      6.0 -9629.267 5385.611 63.922
         6      7.0 -9452.844 5437.333 63.423
         7      8.0 -9614.544 5331.593 63.501
         8      9.0 -9755.295 5570.863 63.540
         9     10.0 -9747.184 5343.299 63.573
        10     11.0 -9783.409 5475.600 63.596
        11     12.0 -9862.250 5474.947 63.618
        12     13.0 -9782.515 5447.823 63.632
        13     14.0 -9799.866 5351.716 63.646
        14     15.0 -9749.764 5432.078 63.657
        15     16.0 -9838.054 5385.666 63.668
        16     17.0 -9810.493 5370.300 63.675
        17     18.0 -9680.067 5321.833 63.683
        18     19.0 -9781.753 5350.795 63.691
        19     20.0 -9978.995 5371.651 63.702
        20     21.0 -9940.624 5479.156 63.709
        21     22.0 -9702.069 5419.549 63.717
        22     23.0 -9971.261 5373.500 63.722
        23     24.0 -9904.176 5329.822 63.722
        24     25.0 -10043.656 5552.264 63.719
        25     26.0 -10021.056 5283.123 63.719
        26     27.0 -10087.919 5350.804 63.716
        27     28.0 -9926.026 5404.226 63.716
        28     29.0 -9974.420 5392.946 63.714
        29     30.0 -9928.255 5485.693 63.571
        30     31.0 -9909.953 5507.700 63.581
        31     32.0 -9932.871 5347.946 63.589
        32     33.0 -9946.863 5468.258 63.596
        33     34.0 -10102.848 5368.167 63.603
        34     35.0 -10073.595 5277.305 63.609
        35     36.0 -10005.169 5424.475 63.614
        36     37.0 -10037.430 5438.233 63.621
        37     38.0 -10028.894 5308.765 63.626
        38     39.0 -10084.557 5409.190 63.633
        39     40.0 -10088.891 5452.836 63.637
        40     41.0 -10010.871 5400.744 63.642
        41     42.0 -10065.648 5318.431 63.648
        42     43.0 -9999.880 5317.178 63.653
        43     44.0 -10114.283 5389.389 63.657
        44     45.0 -10159.624 5319.285 63.662
        45     46.0 -9999.403 5321.819 63.665
        46     47.0 -10152.240 5489.397 63.669
        47     48.0 -10094.461 5362.590 63.672
        48     49.0 -10174.794 5322.106 63.676
        49     50.0 -10098.774 5326.583 63.675
        50     51.0 -10044.836 5454.166 63.678
        51     52.0 -10111.219 5435.962 63.615
        52     53.0 -10165.203 5332.322 63.619
        53     54.0 -10036.427 5371.704 63.623
        54     55.0 -10124.326 5426.532 63.626
        55     56.0 -10077.290 5384.011 63.633
        56     57.0 -10185.363 5481.258 63.636
        57     58.0 -10173.961 5270.679 63.638
        58     59.0 -10146.442 5341.357 63.641
        59     60.0 -10230.724 5342.802 63.643
        60     61.0 -10162.166 5358.158 63.644
        61     62.0 -10190.911 5430.710 63.647
        62     63.0 -10213.632 5388.862 63.650
        63     64.0 -10195.690 5402.240 63.652
        64     65.0 -10065.354 5431.189 63.655
        65     66.0 -10170.579 5357.540 63.654
        66     67.0 -10072.643 5370.555 63.654
        67     68.0 -10168.420 5510.368 63.653
        68     69.0 -10216.254 5465.957 63.654
        69     70.0 -10387.469 5423.395 63.653
        70     71.0 -10066.620 5393.803 63.653
        71     72.0 -10188.301 5341.117 63.652
        72     73.0 -10144.547 5425.876 63.653
        73     74.0 -10135.626 5523.170 63.607
        74     75.0 -10146.723 5397.147 63.607
        75     76.0 -10339.456 5365.384 63.605
        76     77.0 -10318.035 5442.473 63.604
        77     78.0 -10145.747 5322.108 63.604
        78     79.0 -10184.416 5410.433 63.603
        79     80.0 -10132.017 5314.018 63.603
        80     81.0 -10195.829 5578.078 63.605
        81     82.0 -10257.345 5472.750 63.602
        82     83.0 -10220.375 5377.856 63.602
        83     84.0 -10296.072 5424.281 63.599
        84     85.0 -10315.935 5528.257 63.597
        85     86.0 -10250.446 5499.323 63.595
        86     87.0 -10232.175 5422.631 63.593
        87     88.0 -10289.472 5390.616 63.593
        88     89.0 -10243.275 5263.657 63.591
        89     90.0 -10313.878 5368.622 63.587
        90     91.0 -10122.223 5540.616 63.586
        91     92.0 -10283.879 5400.596 63.586
        92     93.0 -10143.516 5479.728 63.585
        93     94.0 -10193.390 5349.707 63.583
        94     95.0 -10250.721 5557.615 63.581
        95     96.0 -10327.877 5361.325 63.545
        96     97.0 -10406.429 5405.617 63.548
        97     98.0 -10228.141 5445.974 63.548
        98     99.0 -10298.295 5477.904 63.548
        99    100.0 -10295.045 5399.959 63.547
