# iteration | simulation time (ps) | potential_energy (kT) | kinetic_energy (kT) | ns per day
         0      1.0 -6515.034 4867.725 73.117
         1      2.0 -6558.877 4999.914 72.869
         2      3.0 -6528.502 5029.353 70.374
         3      4.0 -6606.955 5120.567 70.893
         4      5.0 -6564.166 5046.810 71.175
         5      6.0 -6714.482 5105.818 71.375
         6      7.0 -6887.951 5017.015 71.494
         7      8.0 -6810.321 5142.752 71.567
         8      9.0 -6826.635 4923.893 71.626
         9     10.0 -6819.604 5081.036 71.679
        10     11.0 -6657.847 5114.964 71.729
        11     12.0 -6870.480 5034.890 71.763
        12     13.0 -6791.713 5010.964 71.810
        13     14.0 -6757.091 5003.476 71.853
        14     15.0 -6666.164 5038.350 71.878
        15     16.0 -6852.504 5016.083 71.902
        16     17.0 -6842.470 4865.189 71.921
        17     18.0 -6768.712 5056.053 71.940
        18     19.0 -6839.922 5069.624 71.957
        19     20.0 -6830.810 4952.805 71.961
        20     21.0 -6826.408 5055.818 71.972
        21     22.0 -6894.671 5017.861 71.975
        22     23.0 -6846.817 5030.812 71.981
        23     24.0 -6873.403 5044.187 71.982
        24     25.0 -6857.683 4918.672 71.984
        25     26.0 -7007.029 5017.342 71.994
        26     27.0 -6802.933 5058.270 72.004
        27     28.0 -6757.269 5000.114 72.017
        28     29.0 -6849.649 5087.726 71.829
        29     30.0 -6886.174 5019.632 71.834
        30     31.0 -6885.790 4885.845 71.843
        31     32.0 -6868.646 5084.060 71.850
        32     33.0 -7014.827 5067.160 71.859
        33     34.0 -6863.608 4952.931 71.865
        34     35.0 -6884.040 4991.085 71.869
        35     36.0 -7061.302 4928.866 71.879
        36     37.0 -6930.437 4976.443 71.891
        37     38.0 -6912.199 5142.130 71.902
        38     39.0 -7001.078 5029.125 71.912
        39     40.0 -7033.386 5028.748 71.923
        40     41.0 -6880.443 4966.477 71.933
        41     42.0 -6990.405 4995.690 71.937
        42     43.0 -6843.646 5005.983 71.941
        43     44.0 -6861.877 5066.431 71.944
        44     45.0 -6979.874 5058.999 71.951
        45     46.0 -7055.065 4963.428 71.952
        46     47.0 -6961.743 4978.052 71.955
        47     48.0 -6926.885 5036.969 71.959
        48     49.0 -7062.998 5066.505 71.966
        49     50.0 -6912.975 5003.674 71.971
        50     51.0 -7052.422 5019.181 71.978
        51     52.0 -6986.055 4962.611 71.984
        52     53.0 -6916.396 4978.509 71.988
        53     54.0 -6897.886 5019.605 71.993
        54     55.0 -6865.349 5003.542 72.000
        55     56.0 -6824.544 4857.087 71.887
        56     57.0 -6847.521 4977.625 71.891
        57     58.0 -7027.657 4906.642 71.895
        58     59.0 -6900.404 5026.986 71.899
        59     60.0 -7044.021 4958.433 71.903
        60     61.0 -7035.486 5056.216 71.906
        61     62.0 -6884.185 4985.774 71.909
        62     63.0 -6915.378 4967.110 71.914
        63     64.0 -6993.644 5118.716 71.917
        64     65.0 -7118.138 4931.045 71.923
        65     66.0 -7031.900 5060.747 71.929
        66     67.0 -6999.390 5116.530 71.933
        67     68.0 -6955.344 4968.864 71.935
        68     69.0 -7099.714 5086.635 71.938
        69     70.0 -7013.823 5125.722 71.938
        70     71.0 -7075.882 5149.871 71.944
        71     72.0 -7042.238 4997.055 71.948
        72     73.0 -6944.283 5081.975 71.952
        73     74.0 -6843.484 4908.707 71.956
        74     75.0 -7112.935 5060.231 71.961
        75     76.0 -7091.866 5019.462 71.966
        76     77.0 -7101.438 4995.917 71.971
        77     78.0 -6971.523 5140.805 71.975
        78     79.0 -7056.292 5020.007 71.978
        79     80.0 -6978.787 4960.674 71.981
        80     81.0 -6986.107 4978.446 71.984
        81     82.0 -7084.973 5190.001 71.989
        82     83.0 -7117.838 5014.944 71.931
        83     84.0 -7025.925 4996.219 71.935
        84     85.0 -7151.061 5023.079 71.938
        85     86.0 -7133.877 5020.535 71.942
        86     87.0 -6914.618 4944.483 71.946
        87     88.0 -7145.660 5027.011 71.950
        88     89.0 -6941.925 5056.776 71.954
        89     90.0 -6993.082 5095.126 71.956
        90     91.0 -7053.947 5029.207 71.957
        91     92.0 -7066.111 5018.906 71.959
        92     93.0 -7043.844 5138.795 71.962
        93     94.0 -7127.692 5157.800 71.963
        94     95.0 -7105.900 5035.513 71.964
        95     96.0 -7171.524 5094.615 71.966
        96     97.0 -7166.528 4990.674 71.969
        97     98.0 -7168.734 5026.572 71.973
        98     99.0 -7030.555 4983.622 71.976
        99    100.0 -7128.605 5067.973 71.979
