# iteration | simulation time (ps) | potential_energy (kT) | kinetic_energy (kT) | ns per day
         0      1.0 -6647.201 5453.967 63.706
         1      2.0 -7023.204 5418.046 63.646
         2      3.0 -7109.697 5496.736 63.695
         3      4.0 -7132.678 5459.018 63.659
         4      5.0 -7164.054 5295.616 63.655
         5      6.0 -7367.478 5423.410 63.636
         6      7.0 -7261.743 5361.713 63.639
         7      8.0 -7350.559 5370.581 63.628
         8      9.0 -7378.089 5496.894 63.626
         9     10.0 -7417.795 5442.129 63.615
        10     11.0 -7416.785 5542.097 63.608
        11     12.0 -7550.234 5462.803 63.605
        12     13.0 -7463.488 5542.465 63.615
        13     14.0 -7498.562 5437.940 63.180
        14     15.0 -7484.870 5456.354 63.229
        15     16.0 -7532.460 5318.149 63.262
        16     17.0 -7602.447 5402.327 63.291
        17     18.0 -7591.417 5341.463 63.306
        18     19.0 -7661.600 5414.852 63.324
        19     20.0 -7567.456 5380.235 63.337
        20     21.0 -7485.508 5442.990 63.355
        21     22.0 -7568.627 5321.058 63.370
        22     23.0 -7663.930 5346.089 63.383
        23     24.0 -7553.592 5264.908 63.392
        24     25.0 -7639.152 5341.374 63.400
        25     26.0 -7487.916 5333.584 63.411
        26     27.0 -7728.949 5375.231 63.419
        27     28.0 -7674.905 5428.577 63.422
        28     29.0 -7534.564 5312.802 63.426
        29     30.0 -7720.207 5368.814 63.429
        30     31.0 -7602.633 5476.495 63.434
        31     32.0 -7703.334 5323.963 63.436
        32     33.0 -7707.593 5297.342 63.441
        33     34.0 -7789.399 5498.445 63.443
        34     35.0 -7734.850 5388.318 63.448
        35     36.0 -7740.704 5229.509 63.309
        36     37.0 -7624.769 5357.436 63.317
        37     38.0 -7601.433 5431.928 63.321
        38     39.0 -7822.937 5449.761 63.327
        39     40.0 -7585.621 5385.656 63.322
        40     41.0 -7721.553 5498.668 63.328
        41     42.0 -7894.474 5399.175 63.325
        42     43.0 -7644.769 5363.414 63.324
        43     44.0 -7754.659 5472.147 63.323
        44     45.0 -7817.889 5424.005 63.327
        45     46.0 -7654.342 5548.008 63.327
        46     47.0 -7537.813 5510.266 63.329
        47     48.0 -7754.575 5320.825 63.326
        48     49.0 -7684.868 5411.909 63.327
        49     50.0 -7585.396 5334.031 63.323
        50     51.0 -7852.362 5465.462 63.322
        51     52.0 -7745.865 5411.456 63.319
        52     53.0 -7712.645 5463.218 63.317
        53     54.0 -7781.566 5436.869 63.316
        54     55.0 -7785.713 5262.081 63.313
        55     56.0 -7734.465 5524.703 63.305
        56     57.0 -7757.401 5439.193 63.298
        57     58.0 -7892.994 5432.104 63.204
        58     59.0 -7969.818 5382.874 63.206
        59     60.0 -7824.751 5494.914 63.202
        60     61.0 -7820.168 5400.870 63.199
        61     62.0 -7692.338 5325.075 63.201
        62     63.0 -7717.536 5295.120 63.196
        63     64.0 -7598.559 5520.772 63.192
        64     65.0 -7778.964 5362.532 63.188
        65     66.0 -7728.320 5234.378 63.185
        66     67.0 -7887.873 5448.657 63.182
        67     68.0 -7649.250 5416.493 63.176
        68     69.0 -7853.254 5575.366 63.172
        69     70.0 -7691.725 5535.042 63.169
        70     71.0 -7759.032 5525.301 63.165
        71     72.0 -7780.804 5506.323 63.162
        72     73.0 -7637.147 5241.735 63.159
        73     74.0 -7723.457 5437.357 63.154
        74     75.0 -7796.764 5367.363 63.151
        75     76.0 -7818.832 5395.467 63.147
        76     77.0 -7724.699 5382.135 63.144
        77     78.0 -7940.290 5350.939 63.139
        78     79.0 -7906.485 5479.362 63.137
        79     80.0 -7878.327 5347.330 63.069
        80     81.0 -7875.132 5358.367 63.069
        81     82.0 -7870.345 5318.468 63.067
        82     83.0 -7720.886 5373.560 63.066
        83     84.0 -7937.272 5464.450 63.064
        84     85.0 -7928.092 5528.292 63.061
        85     86.0 -7716.810 5380.714 63.060
        86     87.0 -7760.926 5419.672 63.053
        87     88.0 -7895.384 5372.544 63.050
        88     89.0 -7809.261 5427.880 63.048
        89     90.0 -7907.835 5475.587 63.047
        90     91.0 -7781.634 5334.163 63.046
        91     92.0 -7844.571 5384.799 63.043
        92     93.0 -7838.697 5297.479 63.044
        93     94.0 -7783.529 5570.394 63.043
        94     95.0 -7780.907 5453.550 63.042
        95     96.0 -7695.446 5363.020 63.042
        96     97.0 -7931.847 5515.169 63.040
        97     98.0 -7749.358 5332.075 63.041
        98     99.0 -7748.227 5404.139 63.040
        99    100.0 -7809.418 5430.345 63.038
