# iteration | simulation time (ps) | potential_energy (kT) | kinetic_energy (kT) | ns per day
         0      1.0 -8420.322 5163.570 115.502
         1      2.0 -8632.478 5043.144 109.365
         2      3.0 -8596.710 5027.023 110.920
         3      4.0 -8684.080 5106.938 111.562
         4      5.0 -8622.556 4919.799 111.984
         5      6.0 -8721.679 5072.932 112.166
         6      7.0 -8793.239 5106.586 112.269
         7      8.0 -8612.416 5041.262 111.462
         8      9.0 -8749.815 5220.214 110.165
         9     10.0 -8786.244 5032.581 109.162
        10     11.0 -8812.586 4940.669 108.345
        11     12.0 -8777.247 5162.204 107.639
        12     13.0 -8742.113 4918.605 107.080
        13     14.0 -8774.692 5055.740 106.565
        14     15.0 -8801.191 5096.303 106.166
        15     16.0 -8745.389 4978.055 105.815
        16     17.0 -8893.954 5012.989 105.487
        17     18.0 -8833.226 5070.609 105.192
        18     19.0 -8948.279 5126.585 104.935
        19     20.0 -8830.980 5075.931 104.718
        20     21.0 -8760.209 5037.151 104.513
        21     22.0 -8949.354 4892.476 104.339
        22     23.0 -8800.969 5091.001 104.160
        23     24.0 -8844.489 4980.223 104.003
        24     25.0 -8893.297 4969.490 103.868
        25     26.0 -8897.603 5076.767 103.739
        26     27.0 -8924.979 4938.381 103.628
        27     28.0 -8981.282 5034.628 103.194
        28     29.0 -8812.869 5111.116 103.113
        29     30.0 -8773.009 4968.465 103.037
        30     31.0 -8896.619 5104.259 102.946
        31     32.0 -8738.999 5036.108 102.877
        32     33.0 -8842.380 5082.384 102.810
        33     34.0 -8845.411 5103.401 102.750
        34     35.0 -9042.842 5111.625 102.694
        35     36.0 -8948.256 5037.677 102.640
        36     37.0 -8902.902 5046.988 102.578
        37     38.0 -8762.280 5054.250 102.527
        38     39.0 -8939.469 4974.479 102.483
        39     40.0 -8910.196 4964.438 102.438
        40     41.0 -8877.254 5067.158 102.398
        41     42.0 -8848.100 5060.453 102.360
        42     43.0 -8848.588 5053.107 102.322
        43     44.0 -9032.279 5088.459 102.287
        44     45.0 -8939.134 5122.633 102.251
        45     46.0 -8952.596 5068.058 102.212
        46     47.0 -8985.984 5055.972 102.182
        47     48.0 -8842.633 5021.790 102.149
        48     49.0 -8938.292 5135.155 102.121
        49     50.0 -8850.589 5129.917 102.093
        50     51.0 -8949.343 5139.514 102.068
        51     52.0 -9136.523 5079.883 102.033
        52     53.0 -9115.413 5046.162 102.009
        53     54.0 -8862.645 5197.231 101.986
        54     55.0 -9135.406 4956.111 101.796
        55     56.0 -8929.040 4927.057 101.778
        56     57.0 -9063.120 5088.220 101.750
        57     58.0 -8949.934 4904.739 101.733
        58     59.0 -8949.964 5089.787 101.718
        59     60.0 -8774.659 5047.524 101.702
        60     61.0 -8989.117 5068.750 101.688
        61     62.0 -9014.445 5022.277 101.673
        62     63.0 -8854.280 5060.874 101.660
        63     64.0 -9114.930 5148.063 101.647
        64     65.0 -8972.169 5105.410 101.633
        65     66.0 -8999.498 5068.743 101.615
        66     67.0 -9062.547 5047.923 101.602
        67     68.0 -8993.790 5082.370 101.591
        68     69.0 -8887.794 5023.093 101.578
        69     70.0 -9038.926 5067.455 101.568
        70     71.0 -8972.101 5133.490 101.553
        71     72.0 -9074.441 4995.365 101.542
        72     73.0 -8883.798 5105.453 101.532
        73     74.0 -8890.107 4989.447 101.515
        74     75.0 -9065.315 5099.508 101.505
        75     76.0 -8856.990 5000.385 101.497
        76     77.0 -8878.570 5183.366 101.488
        77     78.0 -9009.899 5001.006 101.479
        78     79.0 -9071.739 4988.610 101.464
        79     80.0 -8998.359 5027.260 101.450
        80     81.0 -8993.438 5118.164 101.435
        81     82.0 -9043.348 4987.201 101.309
        82     83.0 -9055.407 5282.671 101.297
        83     84.0 -9011.498 5046.082 101.290
        84     85.0 -9084.410 4991.424 101.285
        85     86.0 -9100.995 5070.198 101.273
        86     87.0 -9053.991 5092.288 101.263
        87     88.0 -9089.790 5101.493 101.258
        88     89.0 -8995.129 5069.960 101.252
        89     90.0 -9140.078 5004.284 101.245
        90     91.0 -9090.918 5105.696 101.233
        91     92.0 -8965.333 5119.735 101.228
        92     93.0 -9086.434 5044.996 101.224
        93     94.0 -9104.706 5117.291 101.219
        94     95.0 -8977.300 5067.271 101.215
        95     96.0 -9084.338 5015.532 101.196
        96     97.0 -9018.958 5036.917 101.189
        97     98.0 -8981.498 4993.272 101.184
        98     99.0 -9061.925 5075.899 101.176
        99    100.0 -9072.292 5025.462 101.169
