# iteration | simulation time (ps) | potential_energy (kT) | kinetic_energy (kT) | ns per day
         0      1.0 -8796.976 5420.664 63.708
         1      2.0 -9103.479 5360.180 63.692
         2      3.0 -9287.569 5460.038 63.691
         3      4.0 -9376.103 5374.527 63.692
         4      5.0 -9468.341 5475.364 63.676
         5      6.0 -9613.862 5532.502 63.675
         6      7.0 -9407.522 5395.674 63.678
         7      8.0 -9542.973 5421.545 63.675
         8      9.0 -9573.421 5491.927 63.672
         9     10.0 -9404.843 5484.643 63.673
        10     11.0 -9710.932 5424.910 63.669
        11     12.0 -9918.962 5348.023 63.670
        12     13.0 -9752.299 5433.447 63.340
        13     14.0 -9917.416 5497.442 63.365
        14     15.0 -9664.343 5224.134 63.382
        15     16.0 -9806.962 5646.803 63.401
        16     17.0 -9908.706 5403.644 63.458
        17     18.0 -9781.653 5439.363 63.512
        18     19.0 -9870.168 5316.817 63.559
        19     20.0 -9816.113 5421.804 63.602
        20     21.0 -9992.650 5501.950 63.649
        21     22.0 -9951.398 5427.138 63.684
        22     23.0 -9765.465 5417.971 63.714
        23     24.0 -9951.154 5489.384 63.745
        24     25.0 -9810.709 5380.239 63.770
        25     26.0 -9850.617 5333.947 63.795
        26     27.0 -9936.375 5450.067 63.817
        27     28.0 -9762.228 5418.160 63.839
        28     29.0 -9917.587 5495.084 63.857
        29     30.0 -9846.102 5456.158 63.876
        30     31.0 -9851.465 5340.660 63.893
        31     32.0 -9851.866 5465.338 63.909
        32     33.0 -10006.536 5419.516 63.923
        33     34.0 -9929.336 5375.798 63.940
        34     35.0 -9899.466 5307.512 63.831
        35     36.0 -10101.393 5413.646 63.847
        36     37.0 -9968.215 5499.397 63.861
        37     38.0 -10008.966 5373.375 63.876
        38     39.0 -10002.893 5388.698 63.891
        39     40.0 -9858.166 5421.312 63.908
        40     41.0 -9911.561 5228.038 63.919
        41     42.0 -10040.617 5534.161 63.931
        42     43.0 -9906.226 5397.341 63.942
        43     44.0 -9893.920 5397.184 63.956
        44     45.0 -10056.765 5390.972 63.966
        45     46.0 -9991.915 5331.047 63.976
        46     47.0 -10019.682 5436.456 63.984
        47     48.0 -9992.280 5335.274 63.994
        48     49.0 -10022.126 5399.480 64.005
        49     50.0 -10061.986 5477.279 64.014
        50     51.0 -10054.344 5337.079 64.021
        51     52.0 -10151.571 5518.882 64.030
        52     53.0 -10060.685 5276.653 64.036
        53     54.0 -10020.612 5407.297 64.044
        54     55.0 -10091.392 5396.822 64.051
        55     56.0 -9976.185 5364.409 64.057
        56     57.0 -9990.796 5383.690 63.987
        57     58.0 -9988.622 5390.813 63.996
        58     59.0 -9967.780 5315.021 63.993
        59     60.0 -10019.248 5362.324 63.988
        60     61.0 -9991.626 5363.310 63.981
        61     62.0 -10166.523 5350.131 63.976
        62     63.0 -10040.682 5410.413 63.971
        63     64.0 -9925.502 5361.308 63.966
        64     65.0 -10019.635 5410.502 63.961
        65     66.0 -10062.826 5402.141 63.957
        66     67.0 -10080.362 5478.635 63.952
        67     68.0 -10100.412 5337.269 63.948
        68     69.0 -9892.787 5389.938 63.943
        69     70.0 -9987.114 5441.905 63.943
        70     71.0 -9904.681 5492.946 63.938
        71     72.0 -10269.021 5460.289 63.934
        72     73.0 -9936.007 5528.333 63.930
        73     74.0 -10114.884 5291.508 63.927
        74     75.0 -10133.292 5376.787 63.923
        75     76.0 -9985.149 5552.930 63.920
        76     77.0 -10031.107 5479.807 63.916
        77     78.0 -10134.429 5258.075 63.913
        78     79.0 -10003.620 5357.241 63.855
        79     80.0 -9999.783 5453.154 63.853
        80     81.0 -9979.616 5315.656 63.850
        81     82.0 -10010.327 5430.895 63.848
        82     83.0 -10024.142 5376.734 63.845
        83     84.0 -10034.364 5482.329 63.843
        84     85.0 -10116.786 5391.529 63.841
        85     86.0 -10022.554 5310.561 63.841
        86     87.0 -10140.675 5422.153 63.839
        87     88.0 -10078.555 5377.768 63.837
        88     89.0 -10042.255 5396.765 63.835
        89     90.0 -10137.818 5421.302 63.832
        90     91.0 -10151.395 5362.407 63.829
        91     92.0 -10170.425 5335.964 63.828
        92     93.0 -10192.656 5478.134 63.825
        93     94.0 -10092.993 5213.586 63.823
        94     95.0 -10168.742 5508.326 63.822
        95     96.0 -9953.531 5419.298 63.821
        96     97.0 -10071.977 5368.253 63.819
        97     98.0 -10145.907 5417.923 63.818
        98     99.0 -10027.976 5576.564 63.815
        99    100.0 -10144.513 5364.454 63.815
