# iteration | simulation time (ps) | potential_energy (kT) | kinetic_energy (kT) | ns per day
         0      1.0 -8067.255 5056.304 73.218
         1      2.0 -8140.648 4929.619 73.070
         2      3.0 -8208.724 5107.202 73.005
         3      4.0 -8299.519 5086.170 72.846
         4      5.0 -8251.966 5059.394 72.761
         5      6.0 -8379.310 5098.461 72.700
         6      7.0 -8393.462 5115.901 72.664
         7      8.0 -8322.029 5050.294 72.051
         8      9.0 -8382.540 5068.392 72.083
         9     10.0 -8373.739 5142.619 72.104
        10     11.0 -8485.642 5097.851 72.118
        11     12.0 -8436.391 4965.861 72.122
        12     13.0 -8418.212 5049.281 72.128
        13     14.0 -8578.587 5015.689 72.147
        14     15.0 -8526.837 5123.971 72.152
        15     16.0 -8675.434 4925.068 72.165
        16     17.0 -8712.491 5075.733 72.180
        17     18.0 -8678.574 4944.355 72.192
        18     19.0 -8557.315 5021.798 72.194
        19     20.0 -8494.384 5115.580 72.196
        20     21.0 -8727.036 5076.721 72.199
        21     22.0 -8569.453 4986.331 72.205
        22     23.0 -8673.245 5024.325 72.212
        23     24.0 -8650.965 5024.290 72.219
        24     25.0 -8647.916 5128.986 72.228
        25     26.0 -8823.252 5036.919 72.230
        26     27.0 -8730.344 4997.085 72.232
        27     28.0 -8700.998 4988.732 72.235
        28     29.0 -8752.968 4951.115 72.236
        29     30.0 -8803.960 5063.440 72.241
        30     31.0 -8733.803 5062.825 72.243
        31     32.0 -8598.269 5086.004 72.242
        32     33.0 -8882.245 5025.349 72.244
        33     34.0 -8756.168 5045.857 72.100
        34     35.0 -8829.879 5058.967 72.103
        35     36.0 -8839.492 5096.335 72.107
        36     37.0 -8787.442 5080.176 72.110
        37     38.0 -8835.128 5052.610 72.115
        38     39.0 -8865.062 4997.094 72.115
        39     40.0 -8850.442 4994.445 72.121
        40     41.0 -8857.303 4954.144 72.129
        41     42.0 -8907.722 5092.607 72.134
        42     43.0 -8826.532 4989.584 72.135
        43     44.0 -8880.135 5013.633 72.139
        44     45.0 -8874.467 5018.592 72.143
        45     46.0 -8955.353 5024.063 72.149
        46     47.0 -8850.428 4986.304 72.154
        47     48.0 -8828.495 4962.681 72.161
        48     49.0 -8945.806 4954.949 72.165
        49     50.0 -8838.858 5043.339 72.165
        50     51.0 -8815.598 5118.306 72.165
        51     52.0 -8886.587 5053.954 72.165
        52     53.0 -8936.663 4996.371 72.169
        53     54.0 -8792.365 5049.418 72.170
        54     55.0 -8965.683 5128.697 72.173
        55     56.0 -8797.581 4980.041 72.172
        56     57.0 -8943.234 4986.162 72.176
        57     58.0 -8917.764 4957.379 72.176
        58     59.0 -8836.692 4979.327 72.179
        59     60.0 -8884.060 5049.862 72.180
        60     61.0 -8859.595 5201.426 72.094
        61     62.0 -8839.855 5214.880 72.096
        62     63.0 -8782.925 5027.383 72.100
        63     64.0 -8863.485 5087.431 72.104
        64     65.0 -8904.646 5109.061 72.104
        65     66.0 -8802.723 5047.324 72.105
        66     67.0 -8900.388 5082.425 72.110
        67     68.0 -8919.269 5124.507 72.109
        68     69.0 -8797.707 5225.666 72.114
        69     70.0 -8916.329 4917.478 72.116
        70     71.0 -8859.802 4995.442 72.119
        71     72.0 -8853.922 5078.134 72.123
        72     73.0 -8792.732 5090.424 72.123
        73     74.0 -8977.641 5108.753 72.124
        74     75.0 -8973.139 5086.800 72.126
        75     76.0 -8915.738 5089.535 72.127
        76     77.0 -8907.901 5046.498 72.128
        77     78.0 -8833.793 4970.224 72.127
        78     79.0 -8865.794 5116.506 72.127
        79     80.0 -8811.539 5082.891 72.130
        80     81.0 -8923.542 4936.661 72.132
        81     82.0 -8836.781 5152.320 72.136
        82     83.0 -8905.273 5075.955 72.139
        83     84.0 -8798.095 5074.494 72.142
        84     85.0 -8920.681 5109.699 72.144
        85     86.0 -8886.549 5031.205 72.147
        86     87.0 -8895.077 5106.287 72.147
        87     88.0 -9005.478 4956.961 72.083
        88     89.0 -8857.034 5121.830 72.084
        89     90.0 -9010.201 5097.164 72.084
        90     91.0 -8962.099 5106.395 72.086
        91     92.0 -8893.259 4952.107 72.085
        92     93.0 -8797.285 5007.371 72.087
        93     94.0 -9013.991 5180.623 72.089
        94     95.0 -8974.811 4978.704 72.093
        95     96.0 -9027.806 4960.165 72.095
        96     97.0 -8876.527 5077.297 72.095
        97     98.0 -8911.087 4983.482 72.097
        98     99.0 -8995.685 4957.073 72.098
        99    100.0 -8913.923 5009.746 72.101
