# iteration | simulation time (ps) | potential_energy (kT) | kinetic_energy (kT) | ns per day
         0      1.0 -8971.983 5453.566 63.926
         1      2.0 -8990.422 5383.313 63.956
         2      3.0 -9081.599 5559.982 63.986
         3      4.0 -9013.368 5543.647 63.981
         4      5.0 -9054.378 5435.632 63.996
         5      6.0 -8938.255 5558.656 63.429
         6      7.0 -9169.857 5462.219 63.512
         7      8.0 -8967.434 5443.144 63.558
         8      9.0 -9035.329 5539.536 63.605
         9     10.0 -9032.023 5511.639 63.643
        10     11.0 -9173.356 5516.292 63.673
        11     12.0 -9078.974 5453.386 63.672
        12     13.0 -9047.500 5481.976 63.696
        13     14.0 -9055.116 5415.609 63.716
        14     15.0 -9084.218 5388.279 63.731
        15     16.0 -9063.854 5465.518 63.745
        16     17.0 -9098.890 5513.447 63.751
        17     18.0 -9143.515 5461.780 63.754
        18     19.0 -9247.775 5529.349 63.759
        19     20.0 -9032.451 5498.239 63.766
        20     21.0 -9265.932 5562.111 63.764
        21     22.0 -9144.029 5539.931 63.755
        22     23.0 -9173.503 5369.893 63.753
        23     24.0 -9243.820 5542.954 63.752
        24     25.0 -9099.480 5606.166 63.747
        25     26.0 -9098.142 5465.225 63.736
        26     27.0 -9227.312 5632.832 63.736
        27     28.0 -9270.655 5540.647 63.579
        28     29.0 -9230.932 5560.198 63.580
        29     30.0 -9162.823 5589.225 63.570
        30     31.0 -9272.646 5412.894 63.570
        31     32.0 -9222.054 5424.288 63.564
        32     33.0 -9178.153 5561.871 63.560
        33     34.0 -9162.313 5490.787 63.549
        34     35.0 -9078.164 5437.525 63.541
        35     36.0 -9268.199 5355.245 63.530
        36     37.0 -9132.720 5325.318 63.525
        37     38.0 -9145.616 5434.334 63.517
        38     39.0 -9206.019 5533.398 63.508
        39     40.0 -9204.627 5505.603 63.499
        40     41.0 -9201.329 5296.324 63.492
        41     42.0 -9016.709 5465.462 63.475
        42     43.0 -9078.276 5573.433 63.462
        43     44.0 -9322.999 5504.379 63.458
        44     45.0 -9218.006 5429.122 63.454
        45     46.0 -9154.103 5509.107 63.448
        46     47.0 -9157.099 5576.764 63.442
        47     48.0 -9031.236 5583.873 63.437
        48     49.0 -9106.633 5368.337 63.434
        49     50.0 -9322.862 5492.656 63.357
        50     51.0 -9176.710 5521.013 63.356
        51     52.0 -9085.869 5498.941 63.354
        52     53.0 -9171.989 5504.418 63.354
        53     54.0 -9116.135 5533.372 63.351
        54     55.0 -9226.087 5449.957 63.348
        55     56.0 -9169.218 5371.103 63.346
        56     57.0 -9084.213 5514.178 63.344
        57     58.0 -9242.263 5490.680 63.343
        58     59.0 -9071.983 5448.136 63.343
        59     60.0 -9103.375 5480.909 63.343
        60     61.0 -9264.896 5370.783 63.342
        61     62.0 -9223.242 5523.735 63.341
        62     63.0 -9219.928 5537.597 63.338
        63     64.0 -9323.075 5489.557 63.336
        64     65.0 -9105.023 5572.384 63.336
        65     66.0 -9124.230 5499.969 63.336
        66     67.0 -9071.982 5451.399 63.336
        67     68.0 -9338.218 5354.544 63.335
        68     69.0 -9044.361 5565.906 63.335
        69     70.0 -9279.450 5512.371 63.335
        70     71.0 -9271.883 5389.740 63.334
        71     72.0 -9283.735 5486.475 63.266
        72     73.0 -9351.795 5433.701 63.265
        73     74.0 -9216.942 5409.442 63.265
        74     75.0 -9321.719 5543.806 63.265
        75     76.0 -9305.939 5546.352 63.265
        76     77.0 -9279.836 5440.587 63.265
        77     78.0 -9285.288 5450.213 63.265
        78     79.0 -9326.214 5524.362 63.265
        79     80.0 -9385.580 5458.353 63.260
        80     81.0 -9258.712 5548.625 63.259
        81     82.0 -9257.988 5440.917 63.260
        82     83.0 -9182.871 5496.029 63.259
        83     84.0 -9217.374 5485.421 63.255
        84     85.0 -9254.188 5638.555 63.254
        85     86.0 -9208.193 5513.919 63.251
        86     87.0 -9365.479 5413.630 63.249
        87     88.0 -9240.018 5584.419 63.249
        88     89.0 -9172.899 5519.318 63.247
        89     90.0 -9223.148 5527.169 63.244
        90     91.0 -9285.644 5509.233 63.241
        91     92.0 -9266.353 5562.707 63.239
        92     93.0 -9275.896 5486.755 63.237
        93     94.0 -9178.363 5462.211 63.188
        94     95.0 -9320.244 5485.193 63.187
        95     96.0 -9265.441 5662.600 63.186
        96     97.0 -9164.053 5430.228 63.186
        97     98.0 -9398.810 5407.794 63.185
        98     99.0 -9238.769 5416.186 63.184
        99    100.0 -9271.485 5394.825 63.182
