# iteration | simulation time (ps) | potential_energy (kT) | kinetic_energy (kT) | ns per day
         0      1.0 -8048.199 5417.061 63.738
         1      2.0 -8154.656 5494.763 63.705
         2      3.0 -8405.784 5394.431 63.696
         3      4.0 -8486.578 5423.004 63.677
         4      5.0 -8431.645 5601.540 63.672
         5      6.0 -8556.020 5419.378 62.867
         6      7.0 -8584.944 5546.252 62.971
         7      8.0 -8689.893 5497.937 63.043
         8      9.0 -8671.359 5436.298 63.121
         9     10.0 -8480.327 5429.311 63.177
        10     11.0 -8638.474 5459.405 63.223
        11     12.0 -8587.654 5510.462 63.255
        12     13.0 -8651.408 5425.034 63.287
        13     14.0 -8816.967 5393.988 63.320
        14     15.0 -8473.659 5393.514 63.342
        15     16.0 -8574.025 5415.420 63.359
        16     17.0 -8642.216 5381.623 63.382
        17     18.0 -8595.832 5294.154 63.396
        18     19.0 -8595.250 5544.124 63.408
        19     20.0 -8681.653 5343.417 63.413
        20     21.0 -8679.921 5425.547 63.424
        21     22.0 -8637.866 5480.302 63.431
        22     23.0 -8788.689 5365.679 63.440
        23     24.0 -8666.870 5462.101 63.447
        24     25.0 -8628.322 5501.168 63.452
        25     26.0 -8620.393 5442.822 63.462
        26     27.0 -8757.387 5322.902 63.467
        27     28.0 -8806.462 5414.175 63.261
        28     29.0 -8801.519 5454.816 63.277
        29     30.0 -8974.900 5391.712 63.286
        30     31.0 -8939.927 5533.214 63.295
        31     32.0 -8900.333 5339.587 63.301
        32     33.0 -8895.543 5333.333 63.311
        33     34.0 -8845.380 5442.936 63.315
        34     35.0 -8779.636 5393.743 63.324
        35     36.0 -8816.564 5415.666 63.330
        36     37.0 -9076.082 5411.158 63.339
        37     38.0 -8961.340 5575.580 63.345
        38     39.0 -8864.395 5515.523 63.352
        39     40.0 -8911.372 5497.854 63.358
        40     41.0 -8893.554 5504.620 63.368
        41     42.0 -8747.323 5354.359 63.369
        42     43.0 -8992.692 5451.489 63.375
        43     44.0 -8888.018 5453.473 63.376
        44     45.0 -8956.376 5513.518 63.381
        45     46.0 -9001.662 5331.500 63.381
        46     47.0 -8966.398 5383.939 63.384
        47     48.0 -9237.831 5540.723 63.379
        48     49.0 -9001.910 5404.027 63.381
        49     50.0 -9059.797 5416.961 63.210
        50     51.0 -8925.591 5477.940 63.219
        51     52.0 -8886.466 5497.113 63.225
        52     53.0 -8956.271 5423.415 63.228
        53     54.0 -8927.452 5351.054 63.229
        54     55.0 -9012.267 5504.921 63.234
        55     56.0 -8958.551 5532.921 63.233
        56     57.0 -8863.631 5406.978 63.233
        57     58.0 -8842.521 5443.082 63.230
        58     59.0 -8996.890 5388.757 63.228
        59     60.0 -9092.623 5407.159 63.228
        60     61.0 -9022.257 5504.167 63.225
        61     62.0 -9029.058 5483.470 63.222
        62     63.0 -8997.187 5410.582 63.220
        63     64.0 -8943.724 5458.960 63.217
        64     65.0 -9064.715 5416.262 63.215
        65     66.0 -8983.840 5430.145 63.213
        66     67.0 -9060.417 5492.415 63.211
        67     68.0 -8983.447 5406.261 63.205
        68     69.0 -8940.830 5387.494 63.203
        69     70.0 -8976.432 5322.882 63.200
        70     71.0 -9079.467 5318.489 63.197
        71     72.0 -9006.552 5452.489 63.120
        72     73.0 -8942.910 5454.893 63.121
        73     74.0 -9093.792 5551.822 63.118
        74     75.0 -9003.236 5435.034 63.116
        75     76.0 -9022.082 5402.225 63.112
        76     77.0 -9011.499 5457.013 63.109
        77     78.0 -9140.748 5401.048 63.106
        78     79.0 -9021.121 5427.277 63.102
        79     80.0 -8924.751 5421.712 63.100
        80     81.0 -9025.045 5621.920 63.098
        81     82.0 -9111.294 5435.150 63.095
        82     83.0 -9021.714 5422.279 63.095
        83     84.0 -8992.767 5323.666 63.090
        84     85.0 -9295.267 5412.221 63.088
        85     86.0 -9064.147 5481.858 63.086
        86     87.0 -9085.061 5529.181 63.085
        87     88.0 -9088.008 5432.618 63.083
        88     89.0 -9009.823 5575.388 63.081
        89     90.0 -9032.493 5439.856 63.079
        90     91.0 -9140.168 5469.992 63.078
        91     92.0 -9152.544 5385.139 63.076
        92     93.0 -8975.705 5432.167 63.076
        93     94.0 -8943.788 5441.983 63.076
        94     95.0 -9186.324 5500.686 63.022
        95     96.0 -9278.539 5357.809 63.023
        96     97.0 -9073.275 5473.146 63.022
        97     98.0 -9118.143 5399.664 63.022
        98     99.0 -9075.660 5487.485 63.021
        99    100.0 -9026.329 5493.105 63.020
