# iteration | simulation time (ps) | potential_energy (kT) | kinetic_energy (kT) | ns per day
         0      1.0 -7722.155 5533.211 63.882
         1      2.0 -7896.411 5436.961 63.755
         2      3.0 -8037.134 5450.722 63.741
         3      4.0 -8036.102 5534.067 63.767
         4      5.0 -8155.232 5399.840 63.741
         5      6.0 -8122.720 5487.623 63.708
         6      7.0 -8259.139 5376.238 63.695
         7      8.0 -8305.602 5503.990 63.675
         8      9.0 -8214.108 5533.698 63.681
         9     10.0 -8351.021 5365.240 63.199
        10     11.0 -8408.821 5262.083 63.239
        11     12.0 -8528.983 5440.637 63.280
        12     13.0 -8455.850 5505.217 63.309
        13     14.0 -8432.071 5458.483 63.335
        14     15.0 -8430.949 5318.909 63.359
        15     16.0 -8626.047 5478.951 63.373
        16     17.0 -8512.187 5451.830 63.390
        17     18.0 -8528.491 5466.761 63.404
        18     19.0 -8481.409 5376.505 63.420
        19     20.0 -8486.406 5512.978 63.428
        20     21.0 -8659.465 5435.987 63.435
        21     22.0 -8592.561 5314.673 63.445
        22     23.0 -8629.164 5486.578 63.457
        23     24.0 -8531.030 5511.911 63.472
        24     25.0 -8667.114 5332.389 63.482
        25     26.0 -8691.835 5462.824 63.489
        26     27.0 -8602.198 5533.163 63.499
        27     28.0 -8563.953 5448.969 63.501
        28     29.0 -8668.329 5430.985 63.500
        29     30.0 -8579.735 5426.690 63.505
        30     31.0 -8725.486 5599.750 63.512
        31     32.0 -8634.257 5445.775 63.373
        32     33.0 -8688.150 5510.891 63.384
        33     34.0 -8637.240 5443.361 63.392
        34     35.0 -8751.219 5456.055 63.401
        35     36.0 -8779.617 5489.547 63.409
        36     37.0 -8792.873 5406.825 63.417
        37     38.0 -8735.824 5448.155 63.423
        38     39.0 -8696.304 5429.065 63.428
        39     40.0 -8678.306 5486.322 63.432
        40     41.0 -8643.356 5475.091 63.439
        41     42.0 -8913.697 5537.737 63.444
        42     43.0 -8583.902 5454.975 63.450
        43     44.0 -8748.591 5450.737 63.452
        44     45.0 -8546.619 5372.321 63.455
        45     46.0 -8736.010 5481.018 63.459
        46     47.0 -8789.951 5374.129 63.463
        47     48.0 -8696.037 5337.503 63.465
        48     49.0 -8759.287 5442.034 63.468
        49     50.0 -8758.208 5381.524 63.476
        50     51.0 -8929.903 5425.666 63.481
        51     52.0 -8937.793 5423.336 63.485
        52     53.0 -8803.094 5336.998 63.489
        53     54.0 -8789.599 5348.731 63.409
        54     55.0 -8988.790 5377.183 63.419
        55     56.0 -8804.128 5278.677 63.422
        56     57.0 -8782.346 5493.128 63.425
        57     58.0 -8773.244 5410.311 63.426
        58     59.0 -8709.057 5377.260 63.430
        59     60.0 -8771.456 5478.908 63.430
        60     61.0 -8896.376 5466.181 63.435
        61     62.0 -8944.015 5472.072 63.439
        62     63.0 -8930.866 5532.996 63.443
        63     64.0 -8855.407 5354.044 63.445
        64     65.0 -8853.456 5370.649 63.449
        65     66.0 -8712.158 5297.362 63.455
        66     67.0 -8937.958 5373.992 63.458
        67     68.0 -8995.961 5400.545 63.460
        68     69.0 -8855.808 5427.090 63.463
        69     70.0 -8934.738 5375.369 63.465
        70     71.0 -8967.379 5564.155 63.471
        71     72.0 -8901.401 5474.223 63.475
        72     73.0 -8783.636 5369.371 63.476
        73     74.0 -8802.803 5320.745 63.478
        74     75.0 -8818.776 5343.825 63.480
        75     76.0 -8847.152 5372.026 63.421
        76     77.0 -8948.308 5485.141 63.424
        77     78.0 -8998.018 5373.536 63.426
        78     79.0 -8875.734 5458.252 63.428
        79     80.0 -8992.299 5656.471 63.430
        80     81.0 -9071.862 5450.936 63.433
        81     82.0 -8912.155 5408.459 63.434
        82     83.0 -9015.205 5446.903 63.437
        83     84.0 -8942.887 5524.276 63.438
        84     85.0 -9068.577 5334.536 63.440
        85     86.0 -8973.448 5360.365 63.442
        86     87.0 -8791.425 5432.990 63.446
        87     88.0 -8923.974 5438.948 63.448
        88     89.0 -9010.264 5332.786 63.450
        89     90.0 -8977.751 5241.151 63.451
        90     91.0 -9125.409 5403.352 63.453
        91     92.0 -8953.934 5390.825 63.455
        92     93.0 -9038.577 5416.486 63.457
        93     94.0 -8963.817 5450.829 63.455
        94     95.0 -8853.286 5527.816 63.456
        95     96.0 -8834.611 5455.776 63.457
        96     97.0 -8964.761 5452.293 63.458
        97     98.0 -8974.025 5503.114 63.460
        98     99.0 -8977.928 5536.311 63.415
        99    100.0 -9036.612 5328.196 63.418
