# iteration | simulation time (ps) | potential_energy (kT) | kinetic_energy (kT) | ns per day
         0      1.0 -8332.950 5456.563 63.270
         1      2.0 -8581.010 5553.094 61.449
         2      3.0 -8519.247 5537.937 61.954
         3      4.0 -8688.741 5498.335 62.168
         4      5.0 -8710.649 5440.442 62.276
         5      6.0 -8616.789 5533.745 62.333
         6      7.0 -8590.715 5375.745 62.373
         7      8.0 -8795.972 5384.050 62.377
         8      9.0 -8608.227 5600.559 62.392
         9     10.0 -8627.422 5354.050 62.402
        10     11.0 -8547.754 5480.786 62.410
        11     12.0 -8779.118 5468.928 62.395
        12     13.0 -8708.971 5436.534 62.409
        13     14.0 -8833.737 5437.957 62.416
        14     15.0 -8661.358 5537.547 62.412
        15     16.0 -8691.367 5441.883 62.418
        16     17.0 -8746.712 5459.513 62.422
        17     18.0 -8846.424 5453.345 62.426
        18     19.0 -8660.991 5410.412 62.431
        19     20.0 -8774.523 5566.338 62.435
        20     21.0 -8761.627 5410.973 62.441
        21     22.0 -8646.496 5366.210 62.444
        22     23.0 -8861.083 5505.725 62.449
        23     24.0 -8815.074 5340.155 62.253
        24     25.0 -8730.887 5547.653 62.264
        25     26.0 -8710.647 5434.559 62.275
        26     27.0 -8741.266 5458.548 62.278
        27     28.0 -8839.466 5643.684 62.276
        28     29.0 -8831.957 5504.577 62.282
        29     30.0 -8753.583 5470.163 62.288
        30     31.0 -8749.390 5356.770 62.297
        31     32.0 -8878.011 5573.756 62.303
        32     33.0 -8790.134 5515.267 62.308
        33     34.0 -8888.756 5463.037 62.312
        34     35.0 -8901.191 5487.741 62.319
        35     36.0 -8829.819 5568.153 62.323
        36     37.0 -8733.945 5425.255 62.329
        37     38.0 -8790.088 5370.346 62.329
        38     39.0 -8822.002 5316.984 62.333
        39     40.0 -8712.358 5511.082 62.332
        40     41.0 -8861.753 5443.050 62.335
        41     42.0 -8879.374 5381.168 62.337
        42     43.0 -8857.588 5482.302 62.341
        43     44.0 -8775.877 5535.529 62.344
        44     45.0 -8767.065 5576.315 62.348
        45     46.0 -8789.866 5458.405 62.350
        46     47.0 -8745.156 5529.787 62.288
        47     48.0 -8829.005 5499.744 62.296
        48     49.0 -8895.530 5415.612 62.313
        49     50.0 -8738.480 5499.253 62.332
        50     51.0 -8939.893 5518.262 62.348
        51     52.0 -8839.711 5352.595 62.349
        52     53.0 -8768.519 5550.514 62.363
        53     54.0 -8751.099 5519.458 62.376
        54     55.0 -8804.392 5406.580 62.388
        55     56.0 -8772.832 5418.080 62.401
        56     57.0 -8930.522 5398.642 62.406
        57     58.0 -9002.688 5549.860 62.411
        58     59.0 -8894.109 5544.308 62.421
        59     60.0 -8883.317 5458.276 62.435
        60     61.0 -9034.265 5559.211 62.445
        61     62.0 -8905.604 5400.324 62.455
        62     63.0 -8985.361 5649.018 62.465
        63     64.0 -8928.623 5547.031 62.474
        64     65.0 -8819.472 5609.708 62.482
        65     66.0 -8902.556 5403.876 62.490
        66     67.0 -8978.422 5556.736 62.499
        67     68.0 -8856.101 5383.458 62.506
        68     69.0 -8901.937 5469.399 62.450
        69     70.0 -8914.747 5357.504 62.450
        70     71.0 -9031.071 5387.121 62.449
        71     72.0 -8837.963 5521.660 62.447
        72     73.0 -8844.407 5498.859 62.446
        73     74.0 -8954.343 5485.889 62.444
        74     75.0 -9062.645 5515.691 62.442
        75     76.0 -8925.677 5454.349 62.441
        76     77.0 -8985.579 5512.680 62.442
        77     78.0 -9028.027 5416.702 62.440
        78     79.0 -8907.643 5330.606 62.439
        79     80.0 -8935.488 5476.914 62.438
        80     81.0 -8804.399 5525.044 62.436
        81     82.0 -8913.763 5444.695 62.435
        82     83.0 -8953.040 5448.642 62.433
        83     84.0 -8863.520 5449.494 62.432
        84     85.0 -8973.323 5472.039 62.430
        85     86.0 -8918.142 5460.712 62.429
        86     87.0 -8868.020 5502.248 62.424
        87     88.0 -8911.545 5540.264 62.424
        88     89.0 -9113.695 5313.870 62.422
        89     90.0 -9105.343 5405.879 62.422
        90     91.0 -9051.731 5433.885 62.358
        91     92.0 -9091.965 5384.347 62.359
        92     93.0 -8916.549 5484.997 62.366
        93     94.0 -8955.100 5488.704 62.374
        94     95.0 -9092.110 5411.769 62.379
        95     96.0 -9142.144 5374.156 62.387
        96     97.0 -8968.456 5511.098 62.392
        97     98.0 -8958.604 5470.716 62.398
        98     99.0 -9008.704 5456.837 62.404
        99    100.0 -9121.310 5361.664 62.411
