# iteration | simulation time (ps) | potential_energy (kT) | kinetic_energy (kT) | ns per day
         0      1.0 -9354.905 5372.584 63.310
         1      2.0 -9417.515 5467.266 63.235
         2      3.0 -9576.643 5355.516 63.205
         3      4.0 -9448.510 5354.689 63.190
         4      5.0 -9609.185 5409.616 63.156
         5      6.0 -9619.365 5472.777 63.156
         6      7.0 -9637.259 5407.726 63.150
         7      8.0 -9595.693 5420.753 63.144
         8      9.0 -9721.823 5299.576 63.137
         9     10.0 -9730.013 5532.613 63.135
        10     11.0 -9602.799 5531.923 63.116
        11     12.0 -9664.239 5515.420 63.119
        12     13.0 -9629.835 5427.163 62.839
        13     14.0 -9548.764 5389.108 62.848
        14     15.0 -9739.986 5558.888 62.852
        15     16.0 -9465.078 5484.537 62.866
        16     17.0 -9670.877 5415.574 62.876
        17     18.0 -9579.285 5377.354 62.890
        18     19.0 -9588.334 5311.525 62.898
        19     20.0 -9586.419 5354.391 62.901
        20     21.0 -9763.641 5448.795 62.911
        21     22.0 -9593.379 5386.565 62.919
        22     23.0 -9687.017 5422.631 62.924
        23     24.0 -9761.543 5451.498 62.931
        24     25.0 -9575.504 5412.858 62.936
        25     26.0 -9720.496 5524.954 62.939
        26     27.0 -9564.114 5362.006 62.940
        27     28.0 -9697.968 5508.772 62.942
        28     29.0 -9773.505 5304.431 62.945
        29     30.0 -9732.811 5420.300 62.949
        30     31.0 -9462.719 5375.311 62.952
        31     32.0 -9540.802 5395.977 62.952
        32     33.0 -9548.470 5422.143 62.952
        33     34.0 -9646.515 5499.620 62.954
        34     35.0 -9652.397 5492.757 62.831
        35     36.0 -9596.109 5514.480 62.837
        36     37.0 -9648.226 5367.579 62.841
        37     38.0 -9684.526 5429.682 62.844
        38     39.0 -9636.582 5430.445 62.847
        39     40.0 -9562.508 5433.596 62.850
        40     41.0 -9789.095 5406.350 62.854
        41     42.0 -9710.513 5390.394 62.857
        42     43.0 -9818.899 5570.737 62.862
        43     44.0 -9582.943 5542.650 62.864
        44     45.0 -9601.657 5504.323 62.866
        45     46.0 -9712.708 5514.459 62.870
        46     47.0 -9749.791 5332.168 62.871
        47     48.0 -9578.947 5585.186 62.873
        48     49.0 -9740.682 5443.474 62.874
        49     50.0 -9554.263 5432.869 62.876
        50     51.0 -9735.608 5345.098 62.878
        51     52.0 -9781.388 5547.597 62.880
        52     53.0 -9736.683 5506.845 62.880
        53     54.0 -9663.271 5469.026 62.882
        54     55.0 -9707.698 5261.579 62.884
        55     56.0 -9727.214 5401.137 62.886
        56     57.0 -9827.358 5376.810 62.812
        57     58.0 -9750.945 5424.136 62.814
        58     59.0 -9728.431 5461.221 62.816
        59     60.0 -9813.761 5390.430 62.819
        60     61.0 -9657.433 5348.637 62.821
        61     62.0 -9708.293 5487.616 62.824
        62     63.0 -9572.482 5351.643 62.829
        63     64.0 -9660.349 5392.255 62.834
        64     65.0 -9828.816 5342.735 62.836
        65     66.0 -9593.959 5408.734 62.838
        66     67.0 -9740.464 5432.763 62.840
        67     68.0 -9700.735 5456.851 62.842
        68     69.0 -9840.071 5483.990 62.844
        69     70.0 -9537.224 5337.288 62.846
        70     71.0 -9558.920 5467.758 62.850
        71     72.0 -9596.663 5471.293 62.852
        72     73.0 -9629.500 5316.858 62.857
        73     74.0 -9646.760 5534.256 62.861
        74     75.0 -9579.501 5517.124 62.862
        75     76.0 -9664.456 5548.349 62.866
        76     77.0 -9718.072 5423.246 62.867
        77     78.0 -9647.816 5407.882 62.868
        78     79.0 -9580.418 5490.263 62.816
        79     80.0 -9783.807 5489.327 62.818
        80     81.0 -9651.757 5505.949 62.819
        81     82.0 -9687.081 5421.040 62.822
        82     83.0 -9751.081 5384.914 62.823
        83     84.0 -9675.587 5375.621 62.825
        84     85.0 -9769.575 5509.191 62.827
        85     86.0 -9572.052 5336.155 62.828
        86     87.0 -9649.412 5466.447 62.829
        87     88.0 -9740.879 5582.869 62.832
        88     89.0 -9728.216 5452.537 62.833
        89     90.0 -9707.425 5402.777 62.835
        90     91.0 -9691.237 5461.817 62.839
        91     92.0 -9717.327 5416.393 62.840
        92     93.0 -9642.450 5284.921 62.841
        93     94.0 -9653.307 5287.857 62.842
        94     95.0 -9723.807 5381.394 62.843
        95     96.0 -9745.006 5469.381 62.845
        96     97.0 -9700.621 5454.592 62.846
        97     98.0 -9727.530 5388.033 62.849
        98     99.0 -9654.075 5473.591 62.852
        99    100.0 -9694.396 5379.671 62.853
