# iteration | simulation time (ps) | potential_energy (kT) | kinetic_energy (kT) | ns per day
         0      1.0 -7435.439 5439.340 62.488
         1      2.0 -7836.337 5407.884 62.473
         2      3.0 -7845.883 5493.621 62.482
         3      4.0 -7823.949 5429.771 62.463
         4      5.0 -8016.980 5453.808 61.667
         5      6.0 -8003.912 5522.701 61.804
         6      7.0 -8019.629 5520.150 61.888
         7      8.0 -8030.310 5325.269 61.942
         8      9.0 -8049.218 5406.535 61.983
         9     10.0 -8083.551 5435.268 62.025
        10     11.0 -8018.641 5407.767 62.053
        11     12.0 -8035.095 5567.010 62.088
        12     13.0 -8145.180 5443.978 62.106
        13     14.0 -8109.503 5584.646 62.129
        14     15.0 -8199.691 5389.504 62.134
        15     16.0 -8042.139 5455.834 62.146
        16     17.0 -8190.108 5544.628 62.144
        17     18.0 -8204.808 5379.594 62.148
        18     19.0 -8095.027 5533.556 62.148
        19     20.0 -8326.811 5438.012 62.160
        20     21.0 -8323.154 5406.703 62.147
        21     22.0 -8344.145 5562.151 62.139
        22     23.0 -8357.593 5462.809 62.129
        23     24.0 -8179.337 5194.840 62.116
        24     25.0 -8319.416 5314.621 62.101
        25     26.0 -8179.293 5571.299 62.092
        26     27.0 -8336.820 5509.677 61.886
        27     28.0 -8303.924 5483.484 61.892
        28     29.0 -8254.583 5362.068 61.885
        29     30.0 -8331.057 5561.085 61.883
        30     31.0 -8255.450 5411.156 61.879
        31     32.0 -8426.519 5497.499 61.876
        32     33.0 -8418.260 5355.170 61.872
        33     34.0 -8335.347 5419.202 61.870
        34     35.0 -8216.319 5435.247 61.865
        35     36.0 -8465.829 5515.120 61.865
        36     37.0 -8476.003 5618.910 61.868
        37     38.0 -8374.757 5376.902 61.870
        38     39.0 -8313.755 5509.759 61.868
        39     40.0 -8339.538 5429.332 61.868
        40     41.0 -8350.409 5301.153 61.867
        41     42.0 -8341.396 5493.639 61.870
        42     43.0 -8418.420 5506.914 61.869
        43     44.0 -8332.571 5506.162 61.870
        44     45.0 -8414.526 5389.265 61.870
        45     46.0 -8293.905 5621.889 61.866
        46     47.0 -8314.774 5543.620 61.863
        47     48.0 -8474.668 5412.518 61.861
        48     49.0 -8269.283 5541.601 61.760
        49     50.0 -8582.001 5451.822 61.761
        50     51.0 -8412.619 5510.605 61.760
        51     52.0 -8463.818 5503.559 61.759
        52     53.0 -8414.137 5375.316 61.759
        53     54.0 -8385.907 5464.519 61.757
        54     55.0 -8514.212 5559.498 61.753
        55     56.0 -8200.865 5409.727 61.753
        56     57.0 -8325.649 5467.819 61.750
        57     58.0 -8453.705 5517.119 61.750
        58     59.0 -8299.126 5502.622 61.749
        59     60.0 -8536.036 5450.046 61.748
        60     61.0 -8520.772 5546.880 61.745
        61     62.0 -8370.830 5598.750 61.744
        62     63.0 -8431.312 5502.526 61.741
        63     64.0 -8454.799 5485.296 61.742
        64     65.0 -8440.646 5423.636 61.741
        65     66.0 -8414.992 5456.131 61.740
        66     67.0 -8394.571 5485.682 61.738
        67     68.0 -8422.708 5493.547 61.739
        68     69.0 -8523.433 5204.183 61.739
        69     70.0 -8535.177 5627.875 61.740
        70     71.0 -8496.318 5447.735 61.687
        71     72.0 -8478.652 5359.452 61.689
        72     73.0 -8514.497 5291.929 61.687
        73     74.0 -8587.273 5443.130 61.688
        74     75.0 -8518.067 5503.428 61.689
        75     76.0 -8388.207 5397.445 61.692
        76     77.0 -8609.252 5386.859 61.692
        77     78.0 -8617.618 5457.076 61.694
        78     79.0 -8572.518 5426.857 61.696
        79     80.0 -8591.646 5512.217 61.697
        80     81.0 -8510.855 5484.188 61.699
        81     82.0 -8535.082 5607.205 61.701
        82     83.0 -8403.475 5450.419 61.701
        83     84.0 -8442.393 5544.730 61.703
        84     85.0 -8668.458 5399.371 61.703
        85     86.0 -8495.113 5521.630 61.706
        86     87.0 -8520.342 5572.190 61.708
        87     88.0 -8451.083 5367.249 61.706
        88     89.0 -8384.969 5315.181 61.704
        89     90.0 -8377.594 5520.301 61.702
        90     91.0 -8533.602 5461.543 61.701
        91     92.0 -8396.854 5528.727 61.700
        92     93.0 -8512.744 5607.571 61.670
        93     94.0 -8455.731 5411.561 61.671
        94     95.0 -8626.322 5639.903 61.671
        95     96.0 -8545.353 5432.725 61.674
        96     97.0 -8504.829 5508.045 61.676
        97     98.0 -8437.666 5291.926 61.676
        98     99.0 -8657.974 5461.140 61.678
        99    100.0 -8505.994 5380.153 61.679
