# iteration | simulation time (ps) | potential_energy (kT) | kinetic_energy (kT) | ns per day
         0      1.0 -7855.232 5577.969 102.397
         1      2.0 -7886.365 5529.895 103.167
         2      3.0 -7858.817 5312.940 103.662
         3      4.0 -7900.372 5434.223 103.867
         4      5.0 -7941.602 5383.280 104.019
         5      6.0 -8141.343 5423.264 104.106
         6      7.0 -7943.236 5485.829 104.099
         7      8.0 -8232.237 5543.391 104.106
         8      9.0 -8391.957 5455.921 104.112
         9     10.0 -8142.526 5410.923 102.433
        10     11.0 -8248.978 5370.460 102.585
        11     12.0 -8134.900 5471.870 102.714
        12     13.0 -8382.943 5496.163 102.819
        13     14.0 -8186.035 5352.999 102.882
        14     15.0 -8334.196 5516.654 102.948
        15     16.0 -8347.486 5493.732 103.007
        16     17.0 -8342.812 5515.435 103.034
        17     18.0 -8445.248 5461.180 103.071
        18     19.0 -8261.907 5472.619 103.108
        19     20.0 -8285.527 5439.832 103.129
        20     21.0 -8268.531 5427.636 103.149
        21     22.0 -8398.465 5478.677 103.173
        22     23.0 -8296.127 5496.623 103.195
        23     24.0 -8363.730 5420.469 103.193
        24     25.0 -8291.599 5352.134 103.217
        25     26.0 -8334.343 5401.203 103.229
        26     27.0 -8387.501 5449.125 103.235
        27     28.0 -8478.937 5340.770 103.243
        28     29.0 -8324.301 5437.559 103.257
        29     30.0 -8455.194 5417.743 103.259
        30     31.0 -8360.989 5429.867 103.275
        31     32.0 -8329.973 5389.157 102.848
        32     33.0 -8336.894 5521.117 102.881
        33     34.0 -8328.338 5472.775 102.885
        34     35.0 -8283.072 5330.747 102.898
        35     36.0 -8347.910 5402.711 102.916
        36     37.0 -8252.077 5475.521 102.929
        37     38.0 -8332.573 5390.645 102.933
        38     39.0 -8352.758 5391.365 102.951
        39     40.0 -8342.926 5417.764 102.958
        40     41.0 -8488.294 5612.195 102.967
        41     42.0 -8361.000 5523.556 102.971
        42     43.0 -8441.236 5317.183 102.982
        43     44.0 -8273.531 5537.567 102.986
        44     45.0 -8232.458 5493.379 102.984
        45     46.0 -8241.717 5416.572 102.988
        46     47.0 -8286.713 5337.811 102.988
        47     48.0 -8342.576 5351.544 102.986
        48     49.0 -8370.085 5486.283 102.993
        49     50.0 -8352.166 5441.589 102.995
        50     51.0 -8362.628 5338.409 102.994
        51     52.0 -8329.618 5450.188 102.991
        52     53.0 -8265.618 5361.577 102.988
        53     54.0 -8308.409 5353.104 102.722
        54     55.0 -8316.656 5306.514 102.728
        55     56.0 -8365.264 5336.275 102.727
        56     57.0 -8507.692 5348.607 102.719
        57     58.0 -8255.410 5383.647 102.723
        58     59.0 -8347.403 5409.539 102.725
        59     60.0 -8404.015 5430.509 102.720
        60     61.0 -8338.230 5431.805 102.715
        61     62.0 -8515.147 5512.881 102.710
        62     63.0 -8259.214 5458.940 102.700
        63     64.0 -8258.270 5339.356 102.693
        64     65.0 -8416.748 5363.063 102.690
        65     66.0 -8364.350 5370.741 102.687
        66     67.0 -8375.968 5513.347 102.685
        67     68.0 -8365.999 5366.773 102.679
        68     69.0 -8169.053 5498.352 102.664
        69     70.0 -8352.031 5527.656 102.644
        70     71.0 -8370.736 5321.881 102.634
        71     72.0 -8268.992 5405.432 102.634
        72     73.0 -8389.908 5446.605 102.632
        73     74.0 -8284.399 5485.741 102.623
        74     75.0 -8338.004 5412.933 102.623
        75     76.0 -8297.740 5442.064 102.618
        76     77.0 -8217.556 5396.484 102.425
        77     78.0 -8539.504 5457.131 102.428
        78     79.0 -8508.925 5279.706 102.430
        79     80.0 -8387.431 5502.404 102.427
        80     81.0 -8367.184 5428.190 102.421
        81     82.0 -8436.039 5447.919 102.418
        82     83.0 -8473.253 5375.293 102.411
        83     84.0 -8469.637 5379.335 102.410
        84     85.0 -8599.332 5342.817 102.410
        85     86.0 -8368.894 5394.788 102.405
        86     87.0 -8411.087 5547.070 102.401
        87     88.0 -8577.556 5348.283 102.394
        88     89.0 -8474.759 5502.142 102.393
        89     90.0 -8386.056 5381.675 102.386
        90     91.0 -8323.990 5459.920 102.380
        91     92.0 -8260.857 5401.204 102.374
        92     93.0 -8445.181 5367.917 102.365
        93     94.0 -8327.553 5345.787 102.362
        94     95.0 -8523.010 5366.943 102.354
        95     96.0 -8409.193 5348.757 102.352
        96     97.0 -8536.743 5299.035 102.347
        97     98.0 -8403.885 5472.861 102.343
        98     99.0 -8471.289 5412.819 102.182
        99    100.0 -8419.850 5313.720 102.181
