# iteration | simulation time (ps) | potential_energy (kT) | kinetic_energy (kT) | ns per day
         0      1.0 -7920.194 4971.066 74.226
         1      2.0 -8132.319 5183.788 74.125
         2      3.0 -8258.090 4970.741 74.108
         3      4.0 -8360.151 5074.418 74.112
         4      5.0 -8342.691 4968.526 74.101
         5      6.0 -8422.072 5095.311 74.102
         6      7.0 -8370.426 5011.013 74.102
         7      8.0 -8334.049 5097.795 73.278
         8      9.0 -8401.171 5058.671 73.373
         9     10.0 -8404.880 5016.643 73.423
        10     11.0 -8578.154 4992.458 73.495
        11     12.0 -8433.605 4980.877 73.548
        12     13.0 -8373.385 5094.417 73.599
        13     14.0 -8567.401 5045.548 73.629
        14     15.0 -8482.561 5017.650 73.667
        15     16.0 -8511.106 5028.281 73.689
        16     17.0 -8495.419 5000.788 73.711
        17     18.0 -8678.693 4872.109 73.742
        18     19.0 -8519.797 5042.790 73.760
        19     20.0 -8646.712 5130.525 73.780
        20     21.0 -8566.708 5118.538 73.798
        21     22.0 -8662.813 5040.297 73.813
        22     23.0 -8566.990 4914.225 73.826
        23     24.0 -8611.157 5027.755 73.838
        24     25.0 -8664.405 4970.691 73.847
        25     26.0 -8716.816 5045.979 73.852
        26     27.0 -8622.060 5013.998 73.857
        27     28.0 -8684.987 5015.584 73.860
        28     29.0 -8651.921 5195.747 73.866
        29     30.0 -8656.502 5009.616 73.875
        30     31.0 -8707.978 5044.704 73.884
        31     32.0 -8649.790 4909.682 73.891
        32     33.0 -8747.487 5056.570 73.899
        33     34.0 -8570.136 5033.632 73.761
        34     35.0 -8641.740 5070.749 73.772
        35     36.0 -8690.431 5054.523 73.782
        36     37.0 -8627.462 5028.402 73.791
        37     38.0 -8755.412 5082.444 73.800
        38     39.0 -8643.725 5125.389 73.803
        39     40.0 -8740.250 5002.866 73.810
        40     41.0 -8694.355 5078.063 73.813
        41     42.0 -8729.843 5146.025 73.816
        42     43.0 -8887.411 5042.707 73.808
        43     44.0 -8805.278 4949.306 73.807
        44     45.0 -8639.432 5046.703 73.806
        45     46.0 -8821.380 5084.992 73.806
        46     47.0 -8794.586 5108.982 73.802
        47     48.0 -8849.315 4950.785 73.797
        48     49.0 -8881.078 5031.604 73.791
        49     50.0 -8759.073 5053.520 73.785
        50     51.0 -8760.952 4992.275 73.778
        51     52.0 -8934.826 4951.204 73.772
        52     53.0 -8831.701 5179.638 73.766
        53     54.0 -8882.110 4975.834 73.760
        54     55.0 -8765.207 5183.478 73.754
        55     56.0 -8895.303 5071.064 73.750
        56     57.0 -8809.769 5096.439 73.745
        57     58.0 -8740.132 4963.062 73.736
        58     59.0 -8833.203 4974.760 73.728
        59     60.0 -8898.862 5031.554 73.722
        60     61.0 -8943.943 5107.671 73.617
        61     62.0 -8981.352 5094.557 73.611
        62     63.0 -8815.245 5048.952 73.603
        63     64.0 -8844.896 5026.696 73.597
        64     65.0 -8828.895 5033.375 73.589
        65     66.0 -8693.932 4971.065 73.583
        66     67.0 -8931.082 5073.308 73.576
        67     68.0 -8956.089 5077.258 73.569
        68     69.0 -8859.614 5033.317 73.564
        69     70.0 -8890.656 5103.956 73.559
        70     71.0 -8884.249 4968.990 73.554
        71     72.0 -8813.162 4979.768 73.552
        72     73.0 -8965.862 5124.090 73.549
        73     74.0 -8701.478 4964.361 73.545
        74     75.0 -8919.592 5124.998 73.542
        75     76.0 -8958.438 5090.625 73.538
        76     77.0 -8938.912 5043.072 73.537
        77     78.0 -8924.388 5036.865 73.535
        78     79.0 -8889.528 5131.172 73.533
        79     80.0 -8902.793 4982.141 73.531
        80     81.0 -8974.671 5155.235 73.529
        81     82.0 -9106.211 5215.388 73.527
        82     83.0 -8880.568 5024.437 73.525
        83     84.0 -9017.878 4912.004 73.519
        84     85.0 -9011.610 5082.898 73.515
        85     86.0 -9016.224 4976.631 73.511
        86     87.0 -8969.179 4988.730 73.507
        87     88.0 -9059.953 5005.928 73.442
        88     89.0 -8911.179 5129.268 73.441
        89     90.0 -8969.213 5098.905 73.438
        90     91.0 -8919.389 5024.586 73.436
        91     92.0 -8980.063 5048.380 73.433
        92     93.0 -9081.236 4948.463 73.431
        93     94.0 -9059.720 5185.260 73.431
        94     95.0 -9065.380 5026.371 73.430
        95     96.0 -9061.417 4910.846 73.428
        96     97.0 -9078.780 5052.013 73.427
        97     98.0 -9063.654 5135.257 73.425
        98     99.0 -9090.522 5081.601 73.423
        99    100.0 -9083.982 5121.640 73.423
