# iteration | simulation time (ps) | potential_energy (kT) | kinetic_energy (kT) | ns per day
         0      1.0 -8020.903 4966.111 73.108
         1      2.0 -8161.534 5113.719 73.418
         2      3.0 -8459.935 4917.150 73.597
         3      4.0 -8318.119 5120.269 73.707
         4      5.0 -8337.145 4977.103 73.784
         5      6.0 -8408.864 4962.701 73.816
         6      7.0 -8488.983 5063.719 73.832
         7      8.0 -8331.001 4975.163 73.862
         8      9.0 -8496.802 5070.978 73.883
         9     10.0 -8553.741 5229.120 73.892
        10     11.0 -8519.259 4990.973 73.909
        11     12.0 -8614.124 5044.199 73.454
        12     13.0 -8617.538 5030.348 73.504
        13     14.0 -8594.588 5086.407 73.541
        14     15.0 -8510.192 4957.445 73.570
        15     16.0 -8577.267 5152.455 73.595
        16     17.0 -8638.905 4969.250 73.622
        17     18.0 -8799.209 5132.189 73.649
        18     19.0 -8646.425 5131.331 73.670
        19     20.0 -8566.305 5053.171 73.685
        20     21.0 -8593.613 4940.900 73.702
        21     22.0 -8653.332 5057.217 73.714
        22     23.0 -8790.091 5065.859 73.728
        23     24.0 -8547.136 4995.991 73.744
        24     25.0 -8464.727 5000.738 73.758
        25     26.0 -8786.400 5128.945 73.769
        26     27.0 -8581.813 5127.561 73.780
        27     28.0 -8741.060 5000.500 73.790
        28     29.0 -8769.353 5046.764 73.799
        29     30.0 -8641.769 4865.256 73.809
        30     31.0 -8611.289 5169.286 73.813
        31     32.0 -8780.177 5133.184 73.821
        32     33.0 -8575.311 5013.412 73.828
        33     34.0 -8692.894 5071.952 73.836
        34     35.0 -8889.117 5033.335 73.843
        35     36.0 -8672.258 4905.145 73.849
        36     37.0 -8748.725 4986.504 73.856
        37     38.0 -8761.347 4916.158 73.746
        38     39.0 -8776.661 5063.235 73.755
        39     40.0 -8766.382 5062.468 73.763
        40     41.0 -8686.495 5065.726 73.771
        41     42.0 -8778.798 5113.452 73.777
        42     43.0 -8753.861 4973.593 73.784
        43     44.0 -8663.506 5054.896 73.791
        44     45.0 -8725.340 5044.483 73.795
        45     46.0 -8751.567 5015.296 73.800
        46     47.0 -8658.980 5096.690 73.806
        47     48.0 -8860.030 5116.236 73.811
        48     49.0 -8605.829 4997.480 73.818
        49     50.0 -8813.694 4983.329 73.823
        50     51.0 -8904.191 5039.412 73.829
        51     52.0 -8832.991 5231.870 73.834
        52     53.0 -8939.234 5012.687 73.835
        53     54.0 -8820.456 5040.923 73.837
        54     55.0 -8773.247 5034.074 73.837
        55     56.0 -8841.333 5091.866 73.841
        56     57.0 -8824.264 5155.490 73.844
        57     58.0 -8815.319 5058.353 73.848
        58     59.0 -8768.853 5013.011 73.850
        59     60.0 -8743.063 5036.921 73.853
        60     61.0 -8758.904 5065.754 73.848
        61     62.0 -8824.304 5038.031 73.837
        62     63.0 -8826.593 4992.566 73.827
        63     64.0 -8815.127 4957.388 73.818
        64     65.0 -9065.883 5092.613 73.741
        65     66.0 -8930.471 5103.216 73.733
        66     67.0 -8893.505 5039.473 73.724
        67     68.0 -8900.284 5047.821 73.717
        68     69.0 -8771.956 4959.125 73.709
        69     70.0 -8735.528 4923.383 73.702
        70     71.0 -8827.144 5045.025 73.696
        71     72.0 -8895.980 5022.875 73.689
        72     73.0 -8900.980 5006.796 73.681
        73     74.0 -8863.222 5062.409 73.675
        74     75.0 -8856.165 5056.225 73.668
        75     76.0 -8987.254 5018.896 73.662
        76     77.0 -9009.361 5020.008 73.656
        77     78.0 -9012.628 5153.281 73.649
        78     79.0 -8971.373 5005.760 73.642
        79     80.0 -9077.596 5027.591 73.636
        80     81.0 -8976.863 5087.378 73.631
        81     82.0 -8848.246 5032.390 73.625
        82     83.0 -8967.836 5058.111 73.620
        83     84.0 -8954.737 4948.723 73.614
        84     85.0 -9071.746 5064.580 73.609
        85     86.0 -8867.719 5054.780 73.604
        86     87.0 -8947.315 4913.671 73.600
        87     88.0 -8932.792 5155.350 73.594
        88     89.0 -8947.681 5064.924 73.589
        89     90.0 -8992.297 5000.714 73.584
        90     91.0 -9062.806 5057.344 73.580
        91     92.0 -8934.913 5071.083 73.528
        92     93.0 -8999.489 5024.402 73.523
        93     94.0 -8848.465 5073.237 73.519
        94     95.0 -9012.393 5168.046 73.515
        95     96.0 -8937.315 5029.770 73.512
        96     97.0 -8846.545 4966.925 73.509
        97     98.0 -8837.192 5017.683 73.506
        98     99.0 -9001.008 5113.552 73.503
        99    100.0 -9072.466 5049.376 73.501
