# iteration | simulation time (ps) | potential_energy (kT) | kinetic_energy (kT) | ns per day
         0      1.0 -6864.707 5467.097 102.517
         1      2.0 -7013.938 5376.417 102.095
         2      3.0 -7157.168 5434.056 101.985
         3      4.0 -7337.790 5396.587 101.816
         4      5.0 -7300.695 5457.629 101.674
         5      6.0 -7294.589 5454.725 99.430
         6      7.0 -7332.976 5334.983 99.760
         7      8.0 -7365.624 5459.633 99.892
         8      9.0 -7360.171 5261.045 100.037
         9     10.0 -7234.526 5600.955 100.109
        10     11.0 -7471.726 5458.527 100.196
        11     12.0 -7280.410 5548.502 100.248
        12     13.0 -7445.581 5434.341 100.288
        13     14.0 -7393.712 5416.153 100.312
        14     15.0 -7523.402 5430.181 100.349
        15     16.0 -7476.620 5411.056 100.363
        16     17.0 -7474.101 5362.835 100.397
        17     18.0 -7432.632 5420.585 100.395
        18     19.0 -7436.489 5479.931 100.409
        19     20.0 -7521.027 5400.742 100.413
        20     21.0 -7617.312 5421.263 100.426
        21     22.0 -7597.483 5374.255 100.437
        22     23.0 -7619.109 5392.895 100.438
        23     24.0 -7501.607 5438.557 100.449
        24     25.0 -7593.435 5383.109 100.454
        25     26.0 -7629.650 5262.802 100.448
        26     27.0 -7586.929 5363.441 100.450
        27     28.0 -7624.309 5406.080 99.995
        28     29.0 -7606.692 5425.979 99.931
        29     30.0 -7608.515 5487.812 99.599
        30     31.0 -7718.875 5378.060 99.281
        31     32.0 -7689.228 5462.095 98.980
        32     33.0 -7682.756 5355.978 98.704
        33     34.0 -7632.078 5434.200 98.441
        34     35.0 -7673.739 5480.844 98.198
        35     36.0 -7606.973 5434.308 97.965
        36     37.0 -7619.376 5421.795 97.750
        37     38.0 -7580.485 5363.772 97.543
        38     39.0 -7720.764 5311.411 97.351
        39     40.0 -7870.539 5372.839 97.165
        40     41.0 -7680.602 5344.741 96.994
        41     42.0 -7703.696 5290.099 96.826
        42     43.0 -7809.851 5435.649 96.671
        43     44.0 -7620.946 5424.528 96.520
        44     45.0 -7726.328 5325.643 96.380
        45     46.0 -7618.310 5449.944 96.242
        46     47.0 -7753.015 5515.100 96.114
        47     48.0 -7888.444 5436.273 95.989
        48     49.0 -7662.064 5468.016 95.872
        49     50.0 -7582.429 5452.045 95.522
        50     51.0 -7794.956 5430.974 95.420
        51     52.0 -7731.608 5500.782 95.319
        52     53.0 -7627.376 5408.801 95.225
        53     54.0 -7813.990 5433.567 95.131
        54     55.0 -7759.448 5472.380 95.044
        55     56.0 -7676.670 5415.849 94.957
        56     57.0 -7788.936 5466.053 94.876
        57     58.0 -7666.637 5434.440 94.796
        58     59.0 -7755.507 5455.943 94.721
        59     60.0 -7741.197 5578.731 94.653
        60     61.0 -7851.879 5509.394 94.590
        61     62.0 -7762.694 5385.512 94.518
        62     63.0 -7637.412 5468.446 94.451
        63     64.0 -7721.953 5390.570 94.390
        64     65.0 -7784.703 5429.924 94.335
        65     66.0 -7747.716 5430.367 94.273
        66     67.0 -7726.231 5394.084 94.216
        67     68.0 -7692.619 5334.187 94.157
        68     69.0 -7763.504 5419.724 94.103
        69     70.0 -7725.685 5348.568 94.048
        70     71.0 -7804.893 5444.017 93.998
        71     72.0 -7656.349 5472.298 93.952
        72     73.0 -7877.638 5426.832 93.788
        73     74.0 -7818.823 5346.946 93.748
        74     75.0 -7850.944 5593.987 93.708
        75     76.0 -7795.783 5350.530 93.671
        76     77.0 -7780.961 5358.349 93.634
        77     78.0 -7786.875 5316.951 93.598
        78     79.0 -7803.250 5406.979 93.562
        79     80.0 -7829.708 5485.801 93.528
        80     81.0 -7828.002 5387.842 93.495
        81     82.0 -7852.050 5450.559 93.458
        82     83.0 -7868.618 5403.309 93.421
        83     84.0 -7870.472 5435.238 93.386
        84     85.0 -7835.688 5444.211 93.353
        85     86.0 -7814.983 5440.251 93.321
        86     87.0 -7877.738 5506.187 93.287
        87     88.0 -7752.583 5489.048 93.259
        88     89.0 -7918.734 5337.009 93.226
        89     90.0 -7919.498 5562.394 93.200
        90     91.0 -7857.937 5348.530 93.174
        91     92.0 -7794.032 5600.834 93.149
        92     93.0 -7782.989 5325.964 93.124
        93     94.0 -7940.325 5504.574 93.100
        94     95.0 -7706.605 5429.292 92.989
        95     96.0 -7788.563 5553.618 92.967
        96     97.0 -7748.379 5550.569 92.945
        97     98.0 -7970.384 5384.059 92.924
        98     99.0 -7626.890 5535.032 92.902
        99    100.0 -7833.148 5328.505 92.882
