# iteration | simulation time (ps) | potential_energy (kT) | kinetic_energy (kT) | ns per day
         0      1.0 -8517.788 5476.903 64.618
         1      2.0 -8816.377 5485.529 64.577
         2      3.0 -9047.921 5489.611 64.638
         3      4.0 -8810.058 5530.947 64.656
         4      5.0 -8882.538 5384.378 64.642
         5      6.0 -8901.091 5517.582 64.635
         6      7.0 -9046.239 5402.997 64.168
         7      8.0 -9001.517 5249.714 64.218
         8      9.0 -9035.778 5415.017 64.241
         9     10.0 -9073.105 5425.573 64.276
        10     11.0 -9064.687 5403.075 64.302
        11     12.0 -9031.690 5528.893 64.325
        12     13.0 -8973.161 5344.571 64.341
        13     14.0 -8995.400 5511.819 64.358
        14     15.0 -9066.824 5511.238 64.372
        15     16.0 -9050.955 5431.293 64.386
        16     17.0 -9226.976 5427.406 64.400
        17     18.0 -9127.051 5348.534 64.413
        18     19.0 -9277.955 5434.276 64.423
        19     20.0 -8974.730 5526.228 64.431
        20     21.0 -9239.193 5508.422 64.440
        21     22.0 -9086.362 5420.904 64.455
        22     23.0 -9213.888 5349.035 64.459
        23     24.0 -9176.394 5348.000 64.465
        24     25.0 -9215.431 5441.560 64.467
        25     26.0 -9104.329 5467.355 64.473
        26     27.0 -9268.564 5441.358 64.460
        27     28.0 -9157.650 5443.100 64.445
        28     29.0 -9205.462 5448.622 64.318
        29     30.0 -9168.443 5473.532 64.310
        30     31.0 -9069.941 5397.419 64.303
        31     32.0 -9201.408 5450.442 64.291
        32     33.0 -9229.219 5370.698 64.281
        33     34.0 -9059.347 5492.923 64.269
        34     35.0 -9089.819 5450.201 64.256
        35     36.0 -9233.661 5511.612 64.245
        36     37.0 -9119.083 5482.360 64.235
        37     38.0 -9193.795 5368.637 64.225
        38     39.0 -9188.834 5457.520 64.215
        39     40.0 -9251.558 5344.792 64.206
        40     41.0 -9072.875 5487.315 64.197
        41     42.0 -9245.479 5544.551 64.194
        42     43.0 -9300.821 5390.370 64.185
        43     44.0 -9252.967 5482.166 64.176
        44     45.0 -9294.245 5450.818 64.168
        45     46.0 -9357.754 5576.340 64.164
        46     47.0 -9256.419 5420.608 64.157
        47     48.0 -9144.008 5467.203 64.156
        48     49.0 -9271.286 5596.567 64.156
        49     50.0 -9413.481 5515.664 64.155
        50     51.0 -9307.971 5486.678 64.089
        51     52.0 -9278.923 5508.258 64.088
        52     53.0 -9351.938 5440.114 64.084
        53     54.0 -9281.348 5446.555 64.081
        54     55.0 -9227.412 5308.962 64.076
        55     56.0 -9366.117 5294.645 64.071
        56     57.0 -9160.812 5458.970 64.067
        57     58.0 -9321.353 5408.759 64.062
        58     59.0 -9390.932 5296.153 64.060
        59     60.0 -9269.608 5389.065 64.056
        60     61.0 -9253.092 5499.477 64.053
        61     62.0 -9285.453 5506.147 64.050
        62     63.0 -9360.594 5536.793 64.046
        63     64.0 -9298.758 5508.780 64.043
        64     65.0 -9427.291 5464.734 64.039
        65     66.0 -9441.166 5406.047 64.036
        66     67.0 -9187.353 5359.755 64.032
        67     68.0 -9263.086 5565.117 64.031
        68     69.0 -9209.517 5540.009 64.028
        69     70.0 -9247.229 5364.852 64.026
        70     71.0 -9260.997 5378.946 64.026
        71     72.0 -9328.473 5429.391 64.024
        72     73.0 -9320.653 5389.444 63.978
        73     74.0 -9375.642 5428.339 63.979
        74     75.0 -9505.641 5503.683 63.978
        75     76.0 -9304.604 5306.269 63.976
        76     77.0 -9361.139 5409.527 63.974
        77     78.0 -9438.841 5452.708 63.973
        78     79.0 -9415.589 5387.070 63.970
        79     80.0 -9378.940 5343.906 63.969
        80     81.0 -9328.502 5343.637 63.967
        81     82.0 -9417.738 5584.855 63.965
        82     83.0 -9272.766 5318.587 63.963
        83     84.0 -9355.870 5502.732 63.962
        84     85.0 -9492.643 5433.743 63.960
        85     86.0 -9321.010 5477.327 63.959
        86     87.0 -9310.796 5361.814 63.957
        87     88.0 -9453.017 5371.423 63.956
        88     89.0 -9414.955 5345.207 63.955
        89     90.0 -9365.975 5447.619 63.953
        90     91.0 -9251.878 5589.976 63.953
        91     92.0 -9324.975 5534.360 63.952
        92     93.0 -9268.754 5328.989 63.950
        93     94.0 -9336.446 5544.633 63.950
        94     95.0 -9401.709 5540.898 63.915
        95     96.0 -9272.034 5502.744 63.915
        96     97.0 -9465.662 5421.759 63.913
        97     98.0 -9318.449 5500.611 63.913
        98     99.0 -9351.897 5507.920 63.912
        99    100.0 -9375.044 5632.184 63.912
