# iteration | simulation time (ps) | potential_energy (kT) | kinetic_energy (kT) | ns per day
         0      1.0 -9019.945 5349.728 63.914
         1      2.0 -9261.779 5443.295 63.848
         2      3.0 -9225.263 5438.350 63.841
         3      4.0 -9491.764 5312.263 63.827
         4      5.0 -9471.706 5445.044 63.830
         5      6.0 -9559.943 5391.340 63.824
         6      7.0 -9551.146 5392.311 63.353
         7      8.0 -9671.465 5382.497 63.417
         8      9.0 -9623.361 5372.062 63.459
         9     10.0 -9601.796 5274.239 63.500
        10     11.0 -9592.129 5300.419 63.519
        11     12.0 -9614.563 5399.133 63.539
        12     13.0 -9682.391 5354.896 63.560
        13     14.0 -9623.688 5526.857 63.578
        14     15.0 -9774.589 5380.294 63.594
        15     16.0 -9814.734 5591.398 63.594
        16     17.0 -9817.485 5371.676 63.588
        17     18.0 -9725.099 5326.803 63.588
        18     19.0 -9834.185 5345.871 63.589
        19     20.0 -9894.524 5379.621 63.583
        20     21.0 -9861.058 5477.176 63.575
        21     22.0 -9877.825 5335.097 63.566
        22     23.0 -9980.377 5328.585 63.558
        23     24.0 -9858.085 5453.445 63.549
        24     25.0 -9875.529 5398.320 63.541
        25     26.0 -9828.647 5296.681 63.532
        26     27.0 -10007.028 5412.085 63.525
        27     28.0 -9845.045 5347.916 63.513
        28     29.0 -9894.774 5472.874 63.396
        29     30.0 -9985.415 5332.065 63.396
        30     31.0 -9971.266 5394.161 63.391
        31     32.0 -9968.582 5495.141 63.386
        32     33.0 -9950.059 5472.994 63.384
        33     34.0 -10041.230 5447.837 63.381
        34     35.0 -9907.527 5358.558 63.380
        35     36.0 -9767.158 5280.031 63.375
        36     37.0 -9877.399 5338.459 63.372
        37     38.0 -10032.944 5385.439 63.370
        38     39.0 -9941.216 5322.771 63.365
        39     40.0 -9888.706 5335.420 63.360
        40     41.0 -10008.952 5426.725 63.358
        41     42.0 -9959.700 5396.583 63.354
        42     43.0 -10031.283 5343.294 63.347
        43     44.0 -9902.351 5416.853 63.342
        44     45.0 -9922.373 5239.123 63.337
        45     46.0 -10055.772 5395.587 63.334
        46     47.0 -10060.113 5385.772 63.330
        47     48.0 -9945.824 5350.625 63.326
        48     49.0 -9942.609 5302.311 63.322
        49     50.0 -10066.647 5368.529 63.318
        50     51.0 -9897.469 5494.758 63.249
        51     52.0 -10008.765 5497.047 63.249
        52     53.0 -10077.296 5259.067 63.245
        53     54.0 -9996.008 5324.094 63.242
        54     55.0 -10053.105 5322.762 63.238
        55     56.0 -10059.437 5386.520 63.235
        56     57.0 -10022.008 5304.519 63.232
        57     58.0 -10033.528 5474.195 63.229
        58     59.0 -9959.601 5314.862 63.226
        59     60.0 -10158.278 5349.741 63.223
        60     61.0 -10236.243 5400.474 63.220
        61     62.0 -10076.941 5364.000 63.219
        62     63.0 -10073.659 5407.482 63.216
        63     64.0 -10207.879 5259.526 63.214
        64     65.0 -10193.735 5296.044 63.212
        65     66.0 -10121.010 5364.677 63.210
        66     67.0 -10096.762 5456.093 63.208
        67     68.0 -10183.002 5413.819 63.208
        68     69.0 -10205.753 5428.068 63.207
        69     70.0 -10238.380 5290.987 63.205
        70     71.0 -10184.562 5435.308 63.202
        71     72.0 -10162.458 5350.461 63.202
        72     73.0 -10055.896 5351.808 63.155
        73     74.0 -10028.115 5323.112 63.155
        74     75.0 -10134.971 5422.778 63.154
        75     76.0 -10250.936 5328.208 63.154
        76     77.0 -10200.723 5355.525 63.154
        77     78.0 -10199.860 5440.346 63.153
        78     79.0 -10217.470 5311.479 63.152
        79     80.0 -10120.595 5337.441 63.152
        80     81.0 -10126.042 5372.960 63.151
        81     82.0 -10186.390 5313.684 63.151
        82     83.0 -10292.390 5374.698 63.150
        83     84.0 -10106.999 5542.561 63.151
        84     85.0 -10307.033 5379.317 63.153
        85     86.0 -10234.029 5420.123 63.153
        86     87.0 -10170.844 5539.825 63.152
        87     88.0 -10117.843 5436.001 63.152
        88     89.0 -10195.319 5394.147 63.151
        89     90.0 -10071.170 5344.751 63.151
        90     91.0 -10117.552 5430.718 63.151
        91     92.0 -10209.430 5415.322 63.151
        92     93.0 -10127.733 5491.561 63.150
        93     94.0 -10198.688 5423.311 63.150
        94     95.0 -10133.217 5327.553 63.116
        95     96.0 -10149.379 5335.804 63.115
        96     97.0 -10156.647 5314.162 63.114
        97     98.0 -10148.847 5500.808 63.114
        98     99.0 -10143.229 5466.006 63.113
        99    100.0 -10299.284 5331.533 63.112
