# iteration | simulation time (ps) | potential_energy (kT) | kinetic_energy (kT) | ns per day
         0      1.0 -6795.074 5408.362 99.445
         1      2.0 -7053.824 5533.383 99.821
         2      3.0 -7105.998 5415.139 99.789
         3      4.0 -7368.565 5262.944 100.098
         4      5.0 -7213.916 5484.769 96.096
         5      6.0 -7437.645 5417.246 96.895
         6      7.0 -7240.769 5424.341 97.438
         7      8.0 -7421.176 5306.067 97.792
         8      9.0 -7595.496 5356.367 98.066
         9     10.0 -7422.060 5472.011 98.303
        10     11.0 -7462.527 5369.091 98.465
        11     12.0 -7407.069 5360.826 98.535
        12     13.0 -7375.692 5517.124 98.491
        13     14.0 -7666.081 5419.964 98.488
        14     15.0 -7498.725 5316.394 98.464
        15     16.0 -7556.856 5391.678 97.901
        16     17.0 -7537.354 5455.320 97.357
        17     18.0 -7520.413 5366.528 96.940
        18     19.0 -7637.167 5432.753 96.566
        19     20.0 -7561.305 5534.869 96.241
        20     21.0 -7478.615 5398.627 95.900
        21     22.0 -7611.582 5368.599 95.635
        22     23.0 -7596.041 5378.534 95.340
        23     24.0 -7603.206 5434.834 95.087
        24     25.0 -7794.083 5460.097 94.842
        25     26.0 -7669.141 5395.750 94.627
        26     27.0 -7660.344 5547.306 93.749
        27     28.0 -7688.013 5418.426 93.593
        28     29.0 -7815.114 5483.873 93.438
        29     30.0 -7658.672 5433.799 93.304
        30     31.0 -7727.583 5534.655 93.169
        31     32.0 -7781.852 5319.522 93.053
        32     33.0 -7716.711 5407.949 92.934
        33     34.0 -7707.042 5498.707 92.832
        34     35.0 -7768.979 5420.964 92.728
        35     36.0 -7762.366 5317.633 92.638
        36     37.0 -7766.791 5474.356 92.544
        37     38.0 -7877.785 5555.884 92.464
        38     39.0 -7731.008 5432.824 92.378
        39     40.0 -7728.642 5364.425 92.304
        40     41.0 -7738.255 5441.918 92.229
        41     42.0 -7708.833 5351.078 92.162
        42     43.0 -7712.176 5465.345 92.093
        43     44.0 -7865.884 5397.293 92.006
        44     45.0 -7766.162 5305.763 91.943
        45     46.0 -7795.502 5295.690 91.890
        46     47.0 -7695.137 5614.327 91.832
        47     48.0 -7782.790 5326.667 91.802
        48     49.0 -7764.519 5486.413 91.757
        49     50.0 -7918.518 5510.985 91.489
        50     51.0 -7780.233 5379.633 91.469
        51     52.0 -7797.312 5465.606 91.445
        52     53.0 -7916.303 5388.136 91.427
        53     54.0 -7965.045 5449.288 91.407
        54     55.0 -7688.177 5312.288 91.390
        55     56.0 -7876.453 5344.319 91.371
        56     57.0 -7885.897 5446.231 91.355
        57     58.0 -7846.665 5387.539 91.338
        58     59.0 -7850.913 5466.362 91.320
        59     60.0 -7797.661 5396.592 91.289
        60     61.0 -7818.575 5482.364 91.276
        61     62.0 -7772.595 5470.514 91.261
        62     63.0 -7891.252 5440.372 91.248
        63     64.0 -7834.049 5349.393 91.233
        64     65.0 -7950.685 5420.880 91.219
        65     66.0 -7735.261 5508.118 91.197
        66     67.0 -7949.077 5492.710 91.175
        67     68.0 -7994.081 5436.067 91.146
        68     69.0 -7876.487 5478.999 91.123
        69     70.0 -7884.981 5497.637 91.099
        70     71.0 -7887.954 5439.880 91.077
        71     72.0 -7818.574 5408.961 90.774
        72     73.0 -7833.337 5451.282 90.768
        73     74.0 -7909.922 5485.496 90.750
        74     75.0 -7937.661 5285.150 90.734
        75     76.0 -7866.706 5438.205 90.715
        76     77.0 -7838.589 5467.027 90.700
        77     78.0 -7912.990 5447.305 90.683
        78     79.0 -7865.358 5433.164 90.669
        79     80.0 -7862.734 5375.647 90.652
        80     81.0 -7895.031 5492.911 90.639
        81     82.0 -7990.172 5478.108 90.624
        82     83.0 -7970.968 5329.667 90.607
        83     84.0 -8013.478 5352.789 90.603
        84     85.0 -7718.026 5418.715 90.601
        85     86.0 -7831.205 5322.375 90.597
        86     87.0 -7881.516 5411.767 90.586
        87     88.0 -7944.904 5523.339 90.574
        88     89.0 -8021.911 5475.345 90.564
        89     90.0 -7924.299 5351.801 90.552
        90     91.0 -7848.827 5406.344 90.543
        91     92.0 -7942.956 5300.746 90.532
        92     93.0 -8018.415 5350.670 90.523
        93     94.0 -8067.678 5426.563 90.297
        94     95.0 -7960.691 5451.141 90.291
        95     96.0 -8099.999 5424.462 90.281
        96     97.0 -7911.863 5429.396 90.275
        97     98.0 -8048.876 5501.547 90.267
        98     99.0 -8076.066 5433.694 90.262
        99    100.0 -8101.713 5418.490 90.253
