# iteration | simulation time (ps) | potential_energy (kT) | kinetic_energy (kT) | ns per day
         0      1.0 -7740.526 5388.478 64.432
         1      2.0 -7697.202 5417.501 64.406
         2      3.0 -7925.948 5392.439 62.459
         3      4.0 -7978.784 5390.968 62.970
         4      5.0 -7980.780 5455.596 63.239
         5      6.0 -7956.767 5385.751 63.434
         6      7.0 -8060.918 5316.510 63.563
         7      8.0 -7979.830 5477.727 63.665
         8      9.0 -7925.531 5331.890 63.742
         9     10.0 -7939.571 5535.607 63.813
        10     11.0 -7985.154 5476.131 63.861
        11     12.0 -8090.999 5381.324 63.903
        12     13.0 -7936.299 5421.755 63.938
        13     14.0 -8178.743 5424.206 63.959
        14     15.0 -8000.467 5547.021 63.947
        15     16.0 -8170.849 5352.524 63.945
        16     17.0 -8111.464 5530.040 63.940
        17     18.0 -8167.646 5475.805 63.933
        18     19.0 -7860.361 5475.111 63.920
        19     20.0 -8068.002 5387.151 63.906
        20     21.0 -8191.055 5496.541 63.888
        21     22.0 -8078.888 5355.046 63.879
        22     23.0 -8212.013 5410.897 63.869
        23     24.0 -8170.454 5412.897 63.864
        24     25.0 -8136.152 5481.693 63.643
        25     26.0 -8091.456 5590.642 63.647
        26     27.0 -8139.919 5478.761 63.645
        27     28.0 -8135.233 5387.794 63.645
        28     29.0 -8052.186 5418.523 63.643
        29     30.0 -8126.709 5327.764 63.643
        30     31.0 -8154.458 5434.137 63.639
        31     32.0 -8065.040 5428.361 63.638
        32     33.0 -8170.165 5413.738 63.636
        33     34.0 -8147.525 5486.413 63.645
        34     35.0 -8071.878 5343.775 63.649
        35     36.0 -8177.883 5505.120 63.652
        36     37.0 -8117.130 5462.554 63.655
        37     38.0 -8093.258 5334.718 63.656
        38     39.0 -7959.534 5339.270 63.655
        39     40.0 -8060.424 5329.761 63.655
        40     41.0 -7928.793 5573.156 63.658
        41     42.0 -8053.299 5486.837 63.658
        42     43.0 -8089.099 5572.018 63.658
        43     44.0 -8162.028 5489.865 63.658
        44     45.0 -8008.955 5356.377 63.656
        45     46.0 -8128.383 5449.919 63.656
        46     47.0 -8091.057 5395.231 63.546
        47     48.0 -8004.435 5253.796 63.549
        48     49.0 -8007.770 5354.172 63.549
        49     50.0 -8091.564 5396.818 63.551
        50     51.0 -8172.343 5459.377 63.553
        51     52.0 -8121.925 5540.353 63.556
        52     53.0 -8116.195 5479.056 63.558
        53     54.0 -8157.150 5402.079 63.561
        54     55.0 -8155.339 5510.627 63.561
        55     56.0 -8179.321 5436.020 63.563
        56     57.0 -8187.667 5404.736 63.563
        57     58.0 -8211.142 5416.084 63.565
        58     59.0 -8088.639 5417.000 63.565
        59     60.0 -8189.176 5455.280 63.566
        60     61.0 -8040.710 5524.445 63.567
        61     62.0 -8097.962 5403.525 63.569
        62     63.0 -8227.535 5336.623 63.570
        63     64.0 -8083.270 5345.046 63.574
        64     65.0 -7898.425 5346.994 63.574
        65     66.0 -8120.567 5386.374 63.576
        66     67.0 -8176.005 5255.928 63.577
        67     68.0 -8221.740 5614.989 63.578
        68     69.0 -8236.416 5362.701 63.504
        69     70.0 -8196.184 5511.564 63.505
        70     71.0 -8153.875 5471.177 63.505
        71     72.0 -8051.300 5481.252 63.508
        72     73.0 -8244.212 5552.215 63.509
        73     74.0 -8247.405 5346.500 63.510
        74     75.0 -8083.205 5330.371 63.511
        75     76.0 -8255.031 5529.471 63.512
        76     77.0 -8212.422 5572.263 63.512
        77     78.0 -8122.887 5456.192 63.514
        78     79.0 -8318.177 5385.592 63.514
        79     80.0 -8004.498 5617.296 63.514
        80     81.0 -8004.010 5406.196 63.514
        81     82.0 -8130.219 5308.179 63.515
        82     83.0 -8229.380 5498.769 63.516
        83     84.0 -8130.507 5376.204 63.516
        84     85.0 -8152.535 5332.032 63.516
        85     86.0 -8007.361 5381.177 63.517
        86     87.0 -8307.577 5555.692 63.516
        87     88.0 -8123.426 5397.715 63.516
        88     89.0 -8114.517 5515.366 63.516
        89     90.0 -8237.000 5325.219 63.518
        90     91.0 -8268.719 5477.518 63.519
        91     92.0 -8206.242 5456.368 63.449
        92     93.0 -8137.317 5288.321 63.449
        93     94.0 -8110.310 5435.529 63.446
        94     95.0 -8251.466 5420.352 63.445
        95     96.0 -8212.547 5519.081 63.443
        96     97.0 -8177.430 5447.633 63.441
        97     98.0 -8302.324 5350.500 63.437
        98     99.0 -8030.979 5523.367 63.434
        99    100.0 -8178.580 5437.141 63.431
