# iteration | simulation time (ps) | potential_energy (kT) | kinetic_energy (kT) | ns per day
         0      1.0 -6384.100 5432.109 63.807
         1      2.0 -6527.947 5453.196 63.742
         2      3.0 -6761.918 5354.528 63.725
         3      4.0 -6956.267 5476.611 63.759
         4      5.0 -6837.065 5377.759 63.792
         5      6.0 -7026.532 5580.184 63.775
         6      7.0 -6980.681 5432.897 63.793
         7      8.0 -7044.270 5557.949 63.268
         8      9.0 -7334.085 5378.975 63.300
         9     10.0 -7086.688 5430.290 63.339
        10     11.0 -7043.626 5530.157 63.362
        11     12.0 -7330.606 5406.979 63.373
        12     13.0 -7247.265 5305.984 63.386
        13     14.0 -7222.672 5387.134 63.399
        14     15.0 -7291.593 5462.669 63.411
        15     16.0 -7189.586 5425.338 63.425
        16     17.0 -7305.246 5534.763 63.435
        17     18.0 -7326.749 5417.770 63.442
        18     19.0 -7372.253 5375.086 63.460
        19     20.0 -7300.506 5312.316 63.454
        20     21.0 -7438.652 5570.564 63.474
        21     22.0 -7340.400 5391.670 63.482
        22     23.0 -7262.492 5513.810 63.489
        23     24.0 -7330.238 5467.916 63.490
        24     25.0 -7276.438 5548.385 63.495
        25     26.0 -7478.700 5319.143 63.495
        26     27.0 -7496.721 5429.744 63.500
        27     28.0 -7495.931 5319.603 63.500
        28     29.0 -7486.051 5372.149 63.501
        29     30.0 -7394.505 5332.380 63.317
        30     31.0 -7493.883 5555.201 63.328
        31     32.0 -7511.511 5376.633 63.337
        32     33.0 -7578.309 5457.257 63.348
        33     34.0 -7386.561 5565.399 63.355
        34     35.0 -7425.364 5393.378 63.367
        35     36.0 -7573.860 5490.359 63.377
        36     37.0 -7492.961 5389.733 63.381
        37     38.0 -7374.079 5406.013 63.384
        38     39.0 -7479.564 5382.786 63.390
        39     40.0 -7414.290 5510.459 63.393
        40     41.0 -7394.241 5367.732 63.402
        41     42.0 -7406.169 5472.481 63.410
        42     43.0 -7413.845 5496.635 63.420
        43     44.0 -7535.026 5568.777 63.422
        44     45.0 -7584.879 5409.819 63.427
        45     46.0 -7368.888 5547.262 63.429
        46     47.0 -7528.847 5409.748 63.437
        47     48.0 -7527.798 5406.814 63.439
        48     49.0 -7615.721 5377.111 63.446
        49     50.0 -7458.520 5396.099 63.449
        50     51.0 -7497.306 5438.956 63.454
        51     52.0 -7509.778 5306.081 63.458
        52     53.0 -7674.952 5425.500 63.370
        53     54.0 -7439.144 5448.232 63.374
        54     55.0 -7584.300 5361.453 63.378
        55     56.0 -7557.969 5412.435 63.383
        56     57.0 -7497.899 5407.214 63.386
        57     58.0 -7555.888 5405.384 63.394
        58     59.0 -7629.943 5362.222 63.398
        59     60.0 -7471.268 5663.439 63.403
        60     61.0 -7734.128 5408.920 63.408
        61     62.0 -7502.297 5314.281 63.412
        62     63.0 -7667.682 5459.720 63.415
        63     64.0 -7739.986 5329.317 63.418
        64     65.0 -7600.376 5322.581 63.420
        65     66.0 -7616.335 5426.286 63.423
        66     67.0 -7526.067 5333.849 63.427
        67     68.0 -7571.397 5687.347 63.430
        68     69.0 -7802.079 5595.244 63.432
        69     70.0 -7679.915 5454.078 63.435
        70     71.0 -7784.098 5482.740 63.437
        71     72.0 -7714.074 5417.310 63.440
        72     73.0 -7651.836 5268.612 63.442
        73     74.0 -7670.188 5513.364 63.447
        74     75.0 -7649.023 5373.516 63.449
        75     76.0 -7694.596 5391.191 63.450
        76     77.0 -7733.674 5426.741 63.378
        77     78.0 -7687.828 5416.733 63.383
        78     79.0 -7849.794 5347.234 63.385
        79     80.0 -7683.835 5336.923 63.388
        80     81.0 -7630.380 5365.612 63.391
        81     82.0 -7748.597 5513.484 63.394
        82     83.0 -7680.498 5396.732 63.396
        83     84.0 -7734.265 5498.060 63.399
        84     85.0 -7725.728 5409.143 63.401
        85     86.0 -7885.902 5491.087 63.405
        86     87.0 -7805.721 5488.683 63.407
        87     88.0 -7655.474 5386.760 63.411
        88     89.0 -7654.709 5298.999 63.412
        89     90.0 -7799.412 5465.818 63.414
        90     91.0 -7591.209 5388.868 63.415
        91     92.0 -7610.499 5535.485 63.418
        92     93.0 -7699.559 5439.212 63.419
        93     94.0 -7606.547 5405.978 63.420
        94     95.0 -7636.185 5408.529 63.422
        95     96.0 -7691.591 5444.646 63.423
        96     97.0 -7840.228 5329.397 63.426
        97     98.0 -7607.880 5314.302 63.430
        98     99.0 -7764.773 5368.914 63.379
        99    100.0 -7785.710 5368.844 63.382
