# iteration | simulation time (ps) | potential_energy (kT) | kinetic_energy (kT) | ns per day
         0      1.0 -5848.325 5051.479 71.213
         1      2.0 -6176.939 5056.228 71.499
         2      3.0 -6165.597 4966.828 71.735
         3      4.0 -6207.127 5051.054 71.864
         4      5.0 -6239.122 5097.447 71.892
         5      6.0 -6219.767 5102.189 71.920
         6      7.0 -6272.867 4896.516 71.932
         7      8.0 -6392.283 5047.230 71.946
         8      9.0 -6419.185 5131.735 71.971
         9     10.0 -6393.553 4996.838 71.998
        10     11.0 -6311.236 4965.650 72.022
        11     12.0 -6518.936 4980.856 71.513
        12     13.0 -6652.571 4933.724 71.568
        13     14.0 -6417.011 4927.503 71.617
        14     15.0 -6527.152 5079.802 71.658
        15     16.0 -6517.383 4950.526 71.696
        16     17.0 -6539.578 5055.110 71.726
        17     18.0 -6511.471 5064.552 71.755
        18     19.0 -6530.850 4963.196 71.771
        19     20.0 -6653.385 5000.230 71.793
        20     21.0 -6688.472 4991.659 71.807
        21     22.0 -6586.593 4986.751 71.825
        22     23.0 -6479.452 5116.428 71.843
        23     24.0 -6665.678 4961.770 71.858
        24     25.0 -6587.512 4934.597 71.867
        25     26.0 -6428.072 5038.903 71.876
        26     27.0 -6470.007 5024.593 71.888
        27     28.0 -6633.624 5076.399 71.902
        28     29.0 -6595.789 5073.572 71.912
        29     30.0 -6559.527 4948.190 71.941
        30     31.0 -6688.342 4959.072 71.979
        31     32.0 -6673.811 4986.933 72.013
        32     33.0 -6718.513 5046.543 72.046
        33     34.0 -6551.961 5152.912 72.076
        34     35.0 -6573.202 5042.910 72.106
        35     36.0 -6621.142 5072.685 72.132
        36     37.0 -6577.232 5000.893 72.158
        37     38.0 -6688.470 5007.011 72.184
        38     39.0 -6676.278 4987.606 72.112
        39     40.0 -6631.640 5114.457 72.136
        40     41.0 -6753.251 5045.652 72.153
        41     42.0 -6701.009 5060.995 72.170
        42     43.0 -6636.906 5087.945 72.188
        43     44.0 -6708.513 5036.705 72.203
        44     45.0 -6745.900 5092.503 72.219
        45     46.0 -6687.442 5120.738 72.233
        46     47.0 -6860.831 5045.556 72.247
        47     48.0 -6762.381 4883.653 72.265
        48     49.0 -6733.365 4911.455 72.278
        49     50.0 -6921.541 4983.509 72.294
        50     51.0 -6777.631 5161.191 72.307
        51     52.0 -6814.539 5043.967 72.320
        52     53.0 -6693.366 5086.896 72.330
        53     54.0 -6635.900 5079.661 72.341
        54     55.0 -6790.678 4971.280 72.351
        55     56.0 -6646.790 5009.034 72.364
        56     57.0 -6730.566 4984.243 72.377
        57     58.0 -6886.405 5014.559 72.389
        58     59.0 -6750.179 5006.957 72.400
        59     60.0 -6683.293 5006.308 72.398
        60     61.0 -6889.335 5141.479 72.396
        61     62.0 -6883.626 5062.940 72.391
        62     63.0 -6641.214 4956.891 72.388
        63     64.0 -6733.268 5039.779 72.386
        64     65.0 -6927.795 5087.308 72.383
        65     66.0 -6782.003 5019.282 72.306
        66     67.0 -6801.981 4986.062 72.305
        67     68.0 -6697.145 5085.897 72.304
        68     69.0 -6843.189 5155.231 72.303
        69     70.0 -6869.862 5003.441 72.302
        70     71.0 -6775.272 5038.829 72.301
        71     72.0 -6810.243 4879.751 72.300
        72     73.0 -6767.148 5032.616 72.299
        73     74.0 -6885.009 5066.255 72.297
        74     75.0 -6700.089 5003.357 72.295
        75     76.0 -6811.692 5130.994 72.295
        76     77.0 -6618.360 4952.193 72.292
        77     78.0 -6864.756 5015.199 72.288
        78     79.0 -6772.947 4976.504 72.285
        79     80.0 -6886.633 4961.432 72.284
        80     81.0 -6918.497 5148.917 72.282
        81     82.0 -6824.338 4970.657 72.281
        82     83.0 -6809.884 4846.688 72.278
        83     84.0 -6741.324 5088.486 72.276
        84     85.0 -6794.703 5018.546 72.273
        85     86.0 -6917.928 5157.384 72.271
        86     87.0 -6890.836 5079.824 72.270
        87     88.0 -6960.594 5098.397 72.270
        88     89.0 -6950.667 4995.758 72.270
        89     90.0 -6841.890 4935.160 72.270
        90     91.0 -6708.638 5036.854 72.270
        91     92.0 -6785.205 5077.417 72.229
        92     93.0 -6755.913 5117.355 72.230
        93     94.0 -6847.162 5046.824 72.230
        94     95.0 -6931.982 5094.124 72.230
        95     96.0 -6879.404 5033.734 72.229
        96     97.0 -6801.448 4977.732 72.228
        97     98.0 -6864.716 5039.871 72.226
        98     99.0 -6786.287 4840.135 72.224
        99    100.0 -6946.830 4985.493 72.224
