# iteration | simulation time (ps) | potential_energy (kT) | kinetic_energy (kT) | ns per day
         0      1.0 -7591.567 5462.495 63.578
         1      2.0 -7863.996 5468.216 63.186
         2      3.0 -7949.538 5401.889 63.056
         3      4.0 -7913.499 5353.687 61.045
         4      5.0 -7914.452 5503.959 61.418
         5      6.0 -8034.546 5390.716 61.654
         6      7.0 -7945.421 5443.139 61.832
         7      8.0 -7964.013 5447.591 61.967
         8      9.0 -7947.572 5484.431 62.080
         9     10.0 -8041.993 5426.110 62.160
        10     11.0 -8120.847 5536.545 62.233
        11     12.0 -8174.379 5488.199 62.287
        12     13.0 -7971.758 5544.334 62.335
        13     14.0 -8028.701 5539.229 62.388
        14     15.0 -8066.464 5366.127 62.436
        15     16.0 -8079.672 5374.185 62.467
        16     17.0 -8199.796 5431.915 62.498
        17     18.0 -8083.220 5419.136 62.523
        18     19.0 -8152.749 5347.550 62.545
        19     20.0 -8052.260 5475.811 62.566
        20     21.0 -8194.106 5550.024 62.585
        21     22.0 -8201.147 5390.207 62.608
        22     23.0 -8258.483 5402.835 62.634
        23     24.0 -8198.932 5467.352 62.651
        24     25.0 -8122.401 5443.808 62.667
        25     26.0 -8220.671 5377.687 62.495
        26     27.0 -8304.302 5449.277 62.516
        27     28.0 -8288.082 5364.021 62.534
        28     29.0 -8440.229 5441.774 62.553
        29     30.0 -8261.677 5467.480 62.569
        30     31.0 -8202.482 5446.818 62.586
        31     32.0 -8145.316 5518.119 62.599
        32     33.0 -8353.558 5392.826 62.616
        33     34.0 -8266.517 5317.662 62.628
        34     35.0 -8338.758 5325.399 62.643
        35     36.0 -8304.207 5528.216 62.655
        36     37.0 -8299.882 5441.212 62.666
        37     38.0 -8160.069 5437.440 62.676
        38     39.0 -8382.216 5392.312 62.688
        39     40.0 -8358.486 5356.118 62.698
        40     41.0 -8249.484 5430.895 62.708
        41     42.0 -8128.919 5368.467 62.715
        42     43.0 -8174.945 5407.371 62.727
        43     44.0 -8330.286 5503.682 62.734
        44     45.0 -8286.436 5516.854 62.742
        45     46.0 -8413.522 5452.375 62.750
        46     47.0 -8273.494 5296.760 62.758
        47     48.0 -8314.887 5526.556 62.765
        48     49.0 -8211.841 5356.318 62.671
        49     50.0 -8303.023 5464.472 62.678
        50     51.0 -8253.181 5324.452 62.685
        51     52.0 -8391.242 5502.712 62.693
        52     53.0 -8263.335 5477.184 62.700
        53     54.0 -8292.220 5470.179 62.707
        54     55.0 -8423.617 5387.517 62.713
        55     56.0 -8402.690 5384.731 62.720
        56     57.0 -8291.439 5369.550 62.725
        57     58.0 -8308.947 5517.338 62.731
        58     59.0 -8315.067 5447.167 62.736
        59     60.0 -8375.646 5562.125 62.741
        60     61.0 -8356.154 5484.977 62.743
        61     62.0 -8435.982 5366.253 62.747
        62     63.0 -8362.405 5401.006 62.752
        63     64.0 -8335.712 5476.131 62.756
        64     65.0 -8416.751 5302.064 62.759
        65     66.0 -8387.506 5460.266 62.763
        66     67.0 -8360.444 5449.351 62.766
        67     68.0 -8318.520 5469.321 62.771
        68     69.0 -8330.277 5376.295 62.773
        69     70.0 -8327.564 5410.566 62.776
        70     71.0 -8347.678 5550.868 62.712
        71     72.0 -8290.289 5352.951 62.718
        72     73.0 -8317.454 5548.392 62.718
        73     74.0 -8471.578 5554.136 62.723
        74     75.0 -8268.496 5386.490 62.727
        75     76.0 -8317.292 5473.216 62.732
        76     77.0 -8348.703 5358.933 62.735
        77     78.0 -8427.321 5426.383 62.739
        78     79.0 -8454.767 5544.114 62.743
        79     80.0 -8354.088 5479.643 62.747
        80     81.0 -8463.881 5374.631 62.751
        81     82.0 -8514.322 5424.623 62.754
        82     83.0 -8463.214 5481.297 62.756
        83     84.0 -8412.722 5364.934 62.759
        84     85.0 -8384.635 5403.702 62.763
        85     86.0 -8336.166 5394.954 62.765
        86     87.0 -8476.017 5312.745 62.766
        87     88.0 -8354.148 5484.503 62.768
        88     89.0 -8409.464 5410.924 62.771
        89     90.0 -8437.217 5499.136 62.774
        90     91.0 -8451.251 5357.204 62.776
        91     92.0 -8429.541 5432.500 62.779
        92     93.0 -8393.326 5481.670 62.707
        93     94.0 -8238.365 5422.335 62.711
        94     95.0 -8289.622 5408.704 62.712
        95     96.0 -8275.334 5440.753 62.714
        96     97.0 -8316.216 5437.306 62.716
        97     98.0 -8353.112 5468.923 62.718
        98     99.0 -8440.086 5448.415 62.721
        99    100.0 -8380.436 5475.571 62.722
