# iteration | simulation time (ps) | potential_energy (kT) | kinetic_energy (kT) | ns per day
         0      1.0 -8431.254 5184.846 75.780
         1      2.0 -8634.177 5007.056 75.698
         2      3.0 -8623.789 5005.793 75.740
         3      4.0 -8708.632 5020.305 75.755
         4      5.0 -8749.546 4985.760 75.773
         5      6.0 -8740.182 5033.785 75.780
         6      7.0 -8572.473 4909.701 75.769
         7      8.0 -8855.523 5135.225 75.776
         8      9.0 -8734.720 5061.349 75.763
         9     10.0 -8738.280 5049.873 75.757
        10     11.0 -8808.598 5010.869 75.157
        11     12.0 -8845.474 4980.671 75.204
        12     13.0 -8795.107 5015.961 75.243
        13     14.0 -8868.757 5100.194 75.283
        14     15.0 -8861.360 5048.415 75.317
        15     16.0 -8929.215 5110.032 75.345
        16     17.0 -8911.264 5056.386 75.366
        17     18.0 -8864.566 5126.867 75.394
        18     19.0 -8810.832 5042.416 75.420
        19     20.0 -8943.352 4921.725 75.444
        20     21.0 -8889.515 5121.565 75.463
        21     22.0 -8944.289 5066.369 75.482
        22     23.0 -8932.995 5021.434 75.485
        23     24.0 -9030.224 5038.718 75.481
        24     25.0 -8961.184 4888.373 75.482
        25     26.0 -8947.973 5152.025 75.469
        26     27.0 -8812.950 5007.683 75.450
        27     28.0 -8928.572 5022.973 75.430
        28     29.0 -8945.609 5109.410 75.417
        29     30.0 -9009.155 5023.378 75.405
        30     31.0 -8987.071 5135.700 75.393
        31     32.0 -9017.739 4992.658 75.383
        32     33.0 -9065.564 4912.368 75.371
        33     34.0 -8975.017 5035.376 75.357
        34     35.0 -8943.614 5109.126 75.343
        35     36.0 -8997.316 5016.563 75.333
        36     37.0 -8847.268 4968.184 75.325
        37     38.0 -8965.545 4929.185 75.172
        38     39.0 -8932.743 4995.478 75.167
        39     40.0 -8940.258 5088.148 75.161
        40     41.0 -9006.154 5073.897 75.158
        41     42.0 -9053.534 5028.777 75.154
        42     43.0 -9061.605 5116.397 75.147
        43     44.0 -9073.413 4969.679 75.143
        44     45.0 -9025.812 5062.680 75.139
        45     46.0 -9092.206 5183.633 75.135
        46     47.0 -9044.618 4999.896 75.130
        47     48.0 -8940.266 4885.290 75.126
        48     49.0 -9182.084 5155.757 75.124
        49     50.0 -9077.839 5159.820 75.116
        50     51.0 -9199.773 5062.130 75.104
        51     52.0 -9089.910 5128.298 75.091
        52     53.0 -9288.683 5071.627 75.079
        53     54.0 -8984.312 5039.674 75.064
        54     55.0 -9046.202 5077.070 75.048
        55     56.0 -9060.758 5173.754 75.034
        56     57.0 -9077.192 5047.758 75.016
        57     58.0 -8861.857 4999.629 75.002
        58     59.0 -8940.408 5164.055 74.987
        59     60.0 -8995.337 4963.635 74.975
        60     61.0 -9129.475 5053.318 74.963
        61     62.0 -9092.992 5003.393 74.950
        62     63.0 -8973.988 5097.042 74.938
        63     64.0 -8969.974 4940.924 74.926
        64     65.0 -9094.669 4922.243 74.822
        65     66.0 -9132.018 5022.227 74.809
        66     67.0 -9139.519 5011.453 74.798
        67     68.0 -9071.482 5081.184 74.787
        68     69.0 -9035.921 5027.337 74.776
        69     70.0 -9033.105 4955.754 74.767
        70     71.0 -9062.552 4909.618 74.758
        71     72.0 -8974.252 5128.605 74.749
        72     73.0 -9033.975 5072.311 74.742
        73     74.0 -9001.111 4971.076 74.734
        74     75.0 -9100.093 4954.278 74.727
        75     76.0 -9137.081 4929.478 74.719
        76     77.0 -8980.171 4973.878 74.712
        77     78.0 -9051.211 4986.906 74.706
        78     79.0 -9057.387 5078.524 74.699
        79     80.0 -9160.583 5050.063 74.693
        80     81.0 -8980.446 5091.842 74.686
        81     82.0 -9116.762 5041.342 74.681
        82     83.0 -9160.328 5072.275 74.676
        83     84.0 -9146.542 5170.740 74.670
        84     85.0 -9000.087 5074.675 74.664
        85     86.0 -9074.437 4911.076 74.656
        86     87.0 -9089.866 5190.786 74.649
        87     88.0 -9218.001 5022.654 74.643
        88     89.0 -8993.172 5119.262 74.636
        89     90.0 -9052.035 5000.156 74.629
        90     91.0 -8966.431 5023.390 74.540
        91     92.0 -9210.818 5067.632 74.533
        92     93.0 -9222.867 5140.504 74.526
        93     94.0 -9189.695 5257.970 74.519
        94     95.0 -9069.094 5033.384 74.515
        95     96.0 -9126.007 5060.740 74.510
        96     97.0 -9151.763 5235.747 74.506
        97     98.0 -9049.609 5093.489 74.501
        98     99.0 -9127.200 5081.047 74.496
        99    100.0 -9085.171 5083.356 74.491
