# iteration | simulation time (ps) | potential_energy (kT) | kinetic_energy (kT) | ns per day
         0      1.0 -6727.717 5456.356 62.028
         1      2.0 -7006.490 5324.198 62.030
         2      3.0 -7085.245 5433.139 61.985
         3      4.0 -7270.960 5501.816 62.004
         4      5.0 -7250.546 5530.699 60.838
         5      6.0 -7395.401 5439.830 61.146
         6      7.0 -7149.110 5491.810 61.374
         7      8.0 -7228.706 5451.227 61.552
         8      9.0 -7122.151 5420.764 61.685
         9     10.0 -7332.625 5438.775 61.797
        10     11.0 -7341.339 5534.655 61.880
        11     12.0 -7327.048 5502.153 61.963
        12     13.0 -7372.930 5487.005 62.024
        13     14.0 -7425.720 5328.615 62.080
        14     15.0 -7491.215 5378.693 62.162
        15     16.0 -7526.955 5332.806 62.249
        16     17.0 -7303.517 5339.118 62.323
        17     18.0 -7485.114 5483.525 62.395
        18     19.0 -7534.376 5351.043 62.454
        19     20.0 -7575.344 5433.549 62.509
        20     21.0 -7386.592 5506.288 62.556
        21     22.0 -7423.584 5476.441 62.601
        22     23.0 -7497.632 5463.021 62.642
        23     24.0 -7582.892 5372.898 62.682
        24     25.0 -7576.167 5194.899 62.713
        25     26.0 -7455.862 5482.775 62.749
        26     27.0 -7603.964 5410.892 62.607
        27     28.0 -7586.676 5481.916 62.643
        28     29.0 -7636.876 5495.702 62.675
        29     30.0 -7500.457 5349.754 62.708
        30     31.0 -7715.803 5421.922 62.736
        31     32.0 -7586.322 5446.783 62.765
        32     33.0 -7600.239 5405.458 62.789
        33     34.0 -7610.681 5484.365 62.815
        34     35.0 -7675.672 5426.176 62.836
        35     36.0 -7478.299 5475.998 62.857
        36     37.0 -7551.059 5438.551 62.876
        37     38.0 -7742.636 5445.818 62.895
        38     39.0 -7575.144 5384.996 62.913
        39     40.0 -7662.952 5429.103 62.932
        40     41.0 -7628.946 5371.843 62.948
        41     42.0 -7646.998 5422.340 62.966
        42     43.0 -7625.800 5426.822 62.980
        43     44.0 -7682.748 5369.920 62.994
        44     45.0 -7609.851 5514.956 63.007
        45     46.0 -7688.142 5487.941 63.021
        46     47.0 -7649.380 5484.030 63.033
        47     48.0 -7795.830 5428.980 63.046
        48     49.0 -7651.320 5490.932 62.958
        49     50.0 -7590.842 5569.151 62.971
        50     51.0 -7684.675 5444.543 62.973
        51     52.0 -7601.995 5482.839 62.972
        52     53.0 -7616.017 5429.209 62.971
        53     54.0 -7825.155 5312.826 62.969
        54     55.0 -7631.596 5307.055 62.966
        55     56.0 -7620.053 5383.402 62.965
        56     57.0 -7767.049 5374.533 62.962
        57     58.0 -7824.561 5442.759 62.962
        58     59.0 -7846.570 5387.440 62.961
        59     60.0 -7732.676 5434.249 62.960
        60     61.0 -7824.984 5455.909 62.959
        61     62.0 -7729.936 5485.445 62.958
        62     63.0 -7871.584 5393.290 62.955
        63     64.0 -7943.504 5399.906 62.955
        64     65.0 -7731.992 5344.453 62.956
        65     66.0 -7683.191 5321.289 62.957
        66     67.0 -7899.059 5528.318 62.955
        67     68.0 -7848.991 5509.879 62.954
        68     69.0 -7738.798 5418.894 62.952
        69     70.0 -7655.853 5395.447 62.951
        70     71.0 -7909.006 5638.513 62.883
        71     72.0 -7795.045 5516.754 62.883
        72     73.0 -7901.910 5644.219 62.881
        73     74.0 -7862.464 5647.550 62.881
        74     75.0 -7895.755 5304.007 62.881
        75     76.0 -7815.743 5423.802 62.882
        76     77.0 -7862.244 5403.377 62.881
        77     78.0 -7762.411 5340.521 62.881
        78     79.0 -7726.473 5452.417 62.880
        79     80.0 -7874.176 5481.645 62.880
        80     81.0 -8002.848 5454.286 62.878
        81     82.0 -7852.413 5646.099 62.878
        82     83.0 -7898.373 5433.429 62.876
        83     84.0 -7689.162 5468.208 62.876
        84     85.0 -7801.098 5538.134 62.875
        85     86.0 -7742.716 5410.532 62.877
        86     87.0 -7738.762 5362.880 62.876
        87     88.0 -7864.785 5415.983 62.878
        88     89.0 -7868.734 5341.096 62.878
        89     90.0 -7706.814 5437.978 62.878
        90     91.0 -7876.462 5330.005 62.877
        91     92.0 -7832.650 5507.139 62.877
        92     93.0 -7769.863 5362.082 62.822
        93     94.0 -7807.362 5446.803 62.823
        94     95.0 -7679.649 5370.128 62.823
        95     96.0 -7868.528 5309.549 62.823
        96     97.0 -7889.732 5525.120 62.823
        97     98.0 -7791.634 5433.851 62.825
        98     99.0 -7814.527 5342.434 62.825
        99    100.0 -7873.021 5404.415 62.826
