# iteration | simulation time (ps) | potential_energy (kT) | kinetic_energy (kT) | ns per day
         0      1.0 -9957.773 5298.858 102.512
         1      2.0 -10117.839 5460.745 103.098
         2      3.0 -10113.749 5279.821 103.210
         3      4.0 -10280.071 5353.368 103.292
         4      5.0 -10352.970 5313.109 103.248
         5      6.0 -10355.761 5606.649 103.299
         6      7.0 -10476.947 5599.253 103.318
         7      8.0 -10524.409 5359.857 103.299
         8      9.0 -10398.926 5456.061 103.314
         9     10.0 -10443.351 5444.739 103.339
        10     11.0 -10380.786 5298.953 103.312
        11     12.0 -10494.828 5457.604 103.330
        12     13.0 -10436.682 5258.592 103.296
        13     14.0 -10402.883 5539.004 102.441
        14     15.0 -10538.770 5439.824 102.503
        15     16.0 -10515.725 5332.516 102.460
        16     17.0 -10492.925 5384.880 101.879
        17     18.0 -10427.375 5433.419 101.292
        18     19.0 -10431.803 5338.469 100.777
        19     20.0 -10501.570 5517.797 100.254
        20     21.0 -10535.902 5410.933 99.767
        21     22.0 -10455.754 5383.343 99.325
        22     23.0 -10563.106 5406.667 98.929
        23     24.0 -10549.101 5372.549 98.565
        24     25.0 -10450.358 5345.495 98.235
        25     26.0 -10539.704 5340.101 97.929
        26     27.0 -10678.556 5496.444 97.650
        27     28.0 -10473.241 5348.730 97.390
        28     29.0 -10546.157 5300.157 97.152
        29     30.0 -10467.013 5374.113 96.928
        30     31.0 -10486.358 5429.434 96.723
        31     32.0 -10476.978 5511.246 96.529
        32     33.0 -10525.981 5337.076 96.349
        33     34.0 -10403.728 5371.464 96.178
        34     35.0 -10435.525 5217.683 96.020
        35     36.0 -10524.906 5467.407 95.583
        36     37.0 -10616.526 5399.158 95.450
        37     38.0 -10570.030 5337.955 95.324
        38     39.0 -10532.489 5422.517 95.206
        39     40.0 -10588.209 5416.882 95.093
        40     41.0 -10665.598 5351.273 94.988
        41     42.0 -10453.271 5351.562 94.885
        42     43.0 -10677.214 5325.819 94.789
        43     44.0 -10500.900 5423.604 94.696
        44     45.0 -10648.637 5270.638 94.609
        45     46.0 -10464.904 5357.431 94.524
        46     47.0 -10673.115 5362.979 94.445
        47     48.0 -10755.616 5186.108 94.367
        48     49.0 -10811.131 5424.782 94.294
        49     50.0 -10711.316 5433.466 94.223
        50     51.0 -10637.649 5340.271 94.156
        51     52.0 -10670.579 5407.656 94.091
        52     53.0 -10692.978 5431.502 94.030
        53     54.0 -10542.195 5395.464 93.969
        54     55.0 -10798.312 5500.202 93.912
        55     56.0 -10710.662 5330.458 93.856
        56     57.0 -10580.764 5402.466 93.803
        57     58.0 -10752.044 5378.401 93.582
        58     59.0 -10762.375 5458.412 93.536
        59     60.0 -10751.225 5343.615 93.490
        60     61.0 -10891.643 5391.176 93.447
        61     62.0 -10817.399 5310.585 93.404
        62     63.0 -10760.890 5345.709 93.364
        63     64.0 -10726.693 5551.272 93.324
        64     65.0 -10840.144 5277.413 93.286
        65     66.0 -10682.265 5331.968 93.248
        66     67.0 -10872.132 5375.673 93.213
        67     68.0 -10782.150 5523.168 93.178
        68     69.0 -10836.613 5355.045 93.144
        69     70.0 -10676.306 5383.614 93.111
        70     71.0 -10705.384 5489.741 93.080
        71     72.0 -10746.279 5471.759 93.049
        72     73.0 -10636.663 5305.530 93.019
        73     74.0 -10735.647 5511.679 92.990
        74     75.0 -10800.422 5459.049 92.962
        75     76.0 -10825.264 5416.334 92.934
        76     77.0 -10657.284 5293.782 92.907
        77     78.0 -10730.044 5551.460 92.880
        78     79.0 -10731.936 5438.361 92.855
        79     80.0 -10813.850 5377.794 92.710
        80     81.0 -10740.749 5259.966 92.688
        81     82.0 -10728.243 5294.344 92.665
        82     83.0 -10662.611 5359.235 92.644
        83     84.0 -10766.470 5362.211 92.619
        84     85.0 -10653.994 5280.060 92.595
        85     86.0 -10927.712 5371.883 92.574
        86     87.0 -10826.303 5519.957 92.555
        87     88.0 -10792.593 5376.996 92.535
        88     89.0 -10681.987 5375.738 92.517
        89     90.0 -10613.853 5391.119 92.498
        90     91.0 -10722.578 5486.248 92.481
        91     92.0 -10706.900 5537.835 92.463
        92     93.0 -10888.376 5348.182 92.446
        93     94.0 -10608.585 5469.643 92.429
        94     95.0 -10756.212 5368.428 92.411
        95     96.0 -10815.156 5502.567 92.395
        96     97.0 -10686.475 5422.488 92.379
        97     98.0 -10759.479 5349.257 92.354
        98     99.0 -10757.640 5352.234 92.340
        99    100.0 -10792.837 5424.940 92.325
