# iteration | simulation time (ps) | potential_energy (kT) | kinetic_energy (kT) | ns per day
         0      1.0 -5848.506 5013.618 72.942
         1      2.0 -5928.087 4863.813 73.166
         2      3.0 -6013.508 5001.157 73.318
         3      4.0 -6226.987 4979.478 73.391
         4      5.0 -6252.168 5099.857 73.442
         5      6.0 -6052.392 4956.506 73.471
         6      7.0 -6112.635 5118.772 73.492
         7      8.0 -6292.849 4991.525 73.494
         8      9.0 -6304.951 4989.511 72.477
         9     10.0 -6368.522 4969.967 72.508
        10     11.0 -6225.597 5008.871 72.533
        11     12.0 -6366.504 4883.704 72.560
        12     13.0 -6456.528 5052.558 72.581
        13     14.0 -6418.022 4948.933 72.597
        14     15.0 -6509.592 4994.775 72.609
        15     16.0 -6400.532 4926.365 72.613
        16     17.0 -6347.179 5045.871 72.624
        17     18.0 -6362.119 4910.614 72.630
        18     19.0 -6403.242 5057.177 72.644
        19     20.0 -6471.013 4988.826 72.654
        20     21.0 -6357.644 5074.457 72.656
        21     22.0 -6526.780 4947.801 72.669
        22     23.0 -6501.149 5076.749 72.677
        23     24.0 -6530.847 4954.775 72.698
        24     25.0 -6492.358 5045.881 72.708
        25     26.0 -6368.587 4930.467 72.713
        26     27.0 -6541.464 5001.267 72.717
        27     28.0 -6481.430 5012.957 72.729
        28     29.0 -6593.821 4977.989 72.742
        29     30.0 -6358.987 5029.161 72.752
        30     31.0 -6546.930 4963.612 72.763
        31     32.0 -6512.324 4930.831 72.773
        32     33.0 -6601.288 5096.851 72.784
        33     34.0 -6560.085 5176.109 72.790
        34     35.0 -6595.480 5069.664 72.634
        35     36.0 -6471.971 5082.499 72.641
        36     37.0 -6536.084 4986.318 72.653
        37     38.0 -6688.744 5152.456 72.656
        38     39.0 -6606.321 5061.860 72.669
        39     40.0 -6508.399 5131.160 72.679
        40     41.0 -6540.384 4948.839 72.690
        41     42.0 -6520.279 5065.070 72.695
        42     43.0 -6545.741 4933.191 72.703
        43     44.0 -6595.483 5079.769 72.712
        44     45.0 -6518.563 5172.984 72.715
        45     46.0 -6705.739 4982.112 72.724
        46     47.0 -6568.486 4897.465 72.732
        47     48.0 -6579.443 5084.120 72.739
        48     49.0 -6461.355 5043.963 72.742
        49     50.0 -6566.398 5096.950 72.745
        50     51.0 -6578.358 4963.117 72.752
        51     52.0 -6666.187 5150.040 72.753
        52     53.0 -6502.035 5112.572 72.757
        53     54.0 -6586.420 4981.598 72.760
        54     55.0 -6608.289 4930.442 72.766
        55     56.0 -6670.960 5006.485 72.769
        56     57.0 -6526.956 5111.093 72.769
        57     58.0 -6630.901 5014.295 72.770
        58     59.0 -6546.829 5109.425 72.775
        59     60.0 -6568.718 5041.148 72.776
        60     61.0 -6666.214 5026.190 72.782
        61     62.0 -6640.078 5043.193 72.705
        62     63.0 -6487.711 4975.715 72.708
        63     64.0 -6536.258 5161.502 72.713
        64     65.0 -6744.221 5085.747 72.716
        65     66.0 -6623.286 5115.182 72.719
        66     67.0 -6665.579 5145.648 72.724
        67     68.0 -6719.877 4983.437 72.727
        68     69.0 -6653.092 4991.457 72.728
        69     70.0 -6674.040 4969.346 72.731
        70     71.0 -6691.838 5189.269 72.736
        71     72.0 -6507.413 5052.315 72.741
        72     73.0 -6487.877 5058.100 72.745
        73     74.0 -6635.676 5049.822 72.749
        74     75.0 -6645.080 5084.743 72.751
        75     76.0 -6725.759 4994.281 72.752
        76     77.0 -6887.737 5038.975 72.753
        77     78.0 -6709.310 5143.258 72.754
        78     79.0 -6751.129 4922.261 72.754
        79     80.0 -6653.393 5121.515 72.756
        80     81.0 -6675.222 4911.134 72.760
        81     82.0 -6554.316 4970.974 72.764
        82     83.0 -6729.578 4935.001 72.768
        83     84.0 -6619.148 5003.706 72.772
        84     85.0 -6711.786 5108.569 72.776
        85     86.0 -6534.692 5081.309 72.776
        86     87.0 -6659.550 4959.804 72.780
        87     88.0 -6787.480 5058.839 72.780
        88     89.0 -6616.428 5110.015 72.739
        89     90.0 -6657.840 5055.130 72.740
        90     91.0 -6502.448 5005.987 72.741
        91     92.0 -6674.326 5095.306 72.742
        92     93.0 -6585.987 5044.878 72.746
        93     94.0 -6769.375 5011.863 72.749
        94     95.0 -6784.200 5071.573 72.750
        95     96.0 -6621.778 5137.828 72.750
        96     97.0 -6821.493 5126.625 72.752
        97     98.0 -6561.709 5093.072 72.752
        98     99.0 -6613.093 5033.009 72.754
        99    100.0 -6652.856 5133.906 72.755
