# iteration | simulation time (ps) | potential_energy (kT) | kinetic_energy (kT) | ns per day
         0      1.0 -5979.382 5046.942 74.024
         1      2.0 -6140.022 4995.644 73.963
         2      3.0 -6228.854 4934.321 73.971
         3      4.0 -6370.241 4952.426 73.982
         4      5.0 -6417.177 5110.195 73.980
         5      6.0 -6329.312 4861.916 73.983
         6      7.0 -6505.312 5036.038 73.979
         7      8.0 -6535.682 5057.854 73.981
         8      9.0 -6540.354 5049.245 73.982
         9     10.0 -6478.921 4951.579 73.982
        10     11.0 -6558.560 5101.009 73.982
        11     12.0 -6520.481 5070.366 73.590
        12     13.0 -6598.148 5084.123 73.622
        13     14.0 -6656.826 5001.311 73.638
        14     15.0 -6580.524 4966.799 73.660
        15     16.0 -6705.813 5130.298 73.683
        16     17.0 -6768.235 4980.230 73.699
        17     18.0 -6695.134 5128.410 73.716
        18     19.0 -6586.286 5058.958 73.732
        19     20.0 -6747.709 4922.509 73.744
        20     21.0 -6652.071 5020.758 73.757
        21     22.0 -6716.413 5071.599 73.767
        22     23.0 -6767.808 5134.506 73.777
        23     24.0 -6587.257 5016.400 73.784
        24     25.0 -6934.515 5047.329 73.793
        25     26.0 -6758.358 5071.882 73.801
        26     27.0 -6865.598 4917.430 73.807
        27     28.0 -6862.843 5034.167 73.815
        28     29.0 -6828.862 4945.651 73.820
        29     30.0 -6708.199 4969.727 73.826
        30     31.0 -6778.614 5045.782 73.832
        31     32.0 -6924.033 4997.099 73.837
        32     33.0 -6801.367 5086.212 73.842
        33     34.0 -6833.960 5029.380 73.845
        34     35.0 -6744.764 5106.197 73.836
        35     36.0 -6940.251 4956.253 73.823
        36     37.0 -6795.519 5071.958 73.811
        37     38.0 -6801.516 4953.605 73.800
        38     39.0 -6886.520 5006.081 73.687
        39     40.0 -6832.188 5097.238 73.676
        40     41.0 -6694.100 4969.825 73.662
        41     42.0 -6896.607 5067.509 73.649
        42     43.0 -6956.540 5278.660 73.636
        43     44.0 -6896.330 5034.765 73.624
        44     45.0 -6891.088 4990.692 73.613
        45     46.0 -6895.173 5019.761 73.615
        46     47.0 -6772.637 5101.913 73.623
        47     48.0 -6836.567 5074.350 73.631
        48     49.0 -6836.628 5007.407 73.638
        49     50.0 -6893.987 4981.354 73.646
        50     51.0 -6757.286 5102.001 73.652
        51     52.0 -6887.082 5008.994 73.654
        52     53.0 -6965.422 4921.702 73.659
        53     54.0 -6835.764 5118.797 73.666
        54     55.0 -6928.513 5098.396 73.672
        55     56.0 -6928.035 5055.587 73.678
        56     57.0 -6782.783 5069.678 73.683
        57     58.0 -6909.770 4952.387 73.688
        58     59.0 -6864.121 5204.756 73.688
        59     60.0 -6890.519 5009.921 73.683
        60     61.0 -6861.410 4931.913 73.685
        61     62.0 -6967.395 4998.883 73.682
        62     63.0 -6884.534 5036.941 73.676
        63     64.0 -6871.228 4889.391 73.672
        64     65.0 -6753.912 5067.451 73.666
        65     66.0 -6919.431 5104.866 73.601
        66     67.0 -6979.664 4961.414 73.595
        67     68.0 -6904.289 5080.373 73.590
        68     69.0 -6840.817 5126.074 73.584
        69     70.0 -6895.781 5019.502 73.578
        70     71.0 -6997.101 5129.947 73.572
        71     72.0 -6892.773 4932.635 73.567
        72     73.0 -7012.123 5116.321 73.558
        73     74.0 -6787.767 4955.704 73.552
        74     75.0 -6891.218 5022.899 73.547
        75     76.0 -6813.040 4975.639 73.540
        76     77.0 -6735.288 4900.424 73.534
        77     78.0 -6913.015 4963.874 73.529
        78     79.0 -6892.612 4958.186 73.524
        79     80.0 -6819.178 4965.255 73.518
        80     81.0 -6942.900 5031.786 73.514
        81     82.0 -6766.788 4960.366 73.509
        82     83.0 -6885.446 4927.811 73.504
        83     84.0 -6937.412 4993.725 73.497
        84     85.0 -6905.155 5063.034 73.490
        85     86.0 -6871.213 4953.194 73.484
        86     87.0 -6875.073 5030.537 73.478
        87     88.0 -6760.001 5072.785 73.473
        88     89.0 -6816.931 5133.224 73.469
        89     90.0 -6986.730 4944.157 73.466
        90     91.0 -6872.482 5002.980 73.461
        91     92.0 -6885.366 5038.329 73.414
        92     93.0 -6774.861 4965.800 73.411
        93     94.0 -6835.202 5054.118 73.408
        94     95.0 -6806.295 4845.911 73.403
        95     96.0 -7099.213 5049.957 73.398
        96     97.0 -6939.815 5080.366 73.391
        97     98.0 -6892.895 4920.351 73.386
        98     99.0 -6936.292 5001.151 73.380
        99    100.0 -7023.185 5086.940 73.376
