# iteration | simulation time (ps) | potential_energy (kT) | kinetic_energy (kT) | ns per day
         0      1.0 -7957.335 5250.309 73.362
         1      2.0 -8148.380 5122.681 69.803
         2      3.0 -8168.769 4969.987 70.941
         3      4.0 -8101.317 4995.738 71.494
         4      5.0 -8103.877 5045.728 71.811
         5      6.0 -8275.982 5088.133 72.044
         6      7.0 -8463.162 5168.969 72.190
         7      8.0 -8272.088 5056.852 72.314
         8      9.0 -8431.252 5115.240 72.404
         9     10.0 -8410.093 5049.823 72.486
        10     11.0 -8579.022 4953.287 72.545
        11     12.0 -8481.448 5002.018 72.600
        12     13.0 -8507.735 5069.600 72.645
        13     14.0 -8672.677 4985.032 72.688
        14     15.0 -8421.251 4983.808 72.727
        15     16.0 -8602.093 4953.480 72.759
        16     17.0 -8536.493 5189.324 72.789
        17     18.0 -8503.665 5018.701 72.804
        18     19.0 -8525.500 5124.669 72.829
        19     20.0 -8432.196 4992.027 72.853
        20     21.0 -8358.240 5167.638 72.870
        21     22.0 -8672.834 5071.712 72.891
        22     23.0 -8655.602 4980.799 72.908
        23     24.0 -8428.168 4926.475 72.924
        24     25.0 -8686.442 4947.879 72.936
        25     26.0 -8557.084 5082.838 72.941
        26     27.0 -8659.921 5097.102 72.951
        27     28.0 -8603.667 4965.469 72.800
        28     29.0 -8643.352 5061.635 72.816
        29     30.0 -8653.253 5060.836 72.831
        30     31.0 -8675.357 5103.662 72.842
        31     32.0 -8641.466 5026.872 72.855
        32     33.0 -8618.348 5089.681 72.861
        33     34.0 -8624.203 4833.125 72.875
        34     35.0 -8735.690 5060.873 72.884
        35     36.0 -8616.057 4996.961 72.893
        36     37.0 -8399.821 5121.580 72.901
        37     38.0 -8674.331 5183.447 72.903
        38     39.0 -8664.315 4902.652 72.910
        39     40.0 -8527.383 5023.368 72.916
        40     41.0 -8698.677 5022.677 72.923
        41     42.0 -8498.187 5088.829 72.929
        42     43.0 -8641.940 5002.372 72.936
        43     44.0 -8677.030 4979.970 72.938
        44     45.0 -8673.120 5053.899 72.942
        45     46.0 -8588.386 5102.311 72.948
        46     47.0 -8576.774 5097.778 72.953
        47     48.0 -8631.521 5002.048 72.959
        48     49.0 -8612.544 5067.547 72.961
        49     50.0 -8615.673 5007.071 72.965
        50     51.0 -8722.726 5106.921 72.970
        51     52.0 -8676.646 5107.247 72.971
        52     53.0 -8638.764 5128.884 72.977
        53     54.0 -8788.300 5094.791 72.982
        54     55.0 -8657.279 5141.988 72.897
        55     56.0 -8587.034 4996.861 72.902
        56     57.0 -8560.429 5074.100 72.907
        57     58.0 -8686.421 5117.467 72.913
        58     59.0 -8611.519 4965.048 72.919
        59     60.0 -8729.893 5049.305 72.923
        60     61.0 -8689.508 5042.224 72.927
        61     62.0 -8806.339 4971.029 72.926
        62     63.0 -8710.915 5002.443 72.932
        63     64.0 -8632.844 5250.752 72.936
        64     65.0 -8914.336 5078.554 72.937
        65     66.0 -8827.802 5024.080 72.941
        66     67.0 -8573.753 5039.868 72.943
        67     68.0 -8721.171 5099.489 72.947
        68     69.0 -8579.048 5043.977 72.949
        69     70.0 -8747.717 4974.263 72.953
        70     71.0 -8804.905 4983.343 72.956
        71     72.0 -8761.989 5037.964 72.960
        72     73.0 -8723.295 5196.781 72.963
        73     74.0 -8794.503 4959.493 72.966
        74     75.0 -8769.956 5105.397 72.969
        75     76.0 -8808.616 5037.124 72.972
        76     77.0 -8695.263 4932.118 72.974
        77     78.0 -8826.008 5158.573 72.977
        78     79.0 -8690.543 5039.628 72.977
        79     80.0 -8713.136 5186.806 72.980
        80     81.0 -8858.609 5202.418 72.982
        81     82.0 -8850.519 5049.535 72.905
        82     83.0 -8774.770 5146.968 72.907
        83     84.0 -8795.938 5064.796 72.907
        84     85.0 -8753.209 5078.061 72.910
        85     86.0 -8726.160 5025.771 72.913
        86     87.0 -8818.974 5128.561 72.916
        87     88.0 -8976.890 5095.877 72.919
        88     89.0 -8794.833 5028.690 72.921
        89     90.0 -8840.840 5060.234 72.924
        90     91.0 -8766.766 5100.550 72.927
        91     92.0 -8859.331 5036.004 72.929
        92     93.0 -8871.925 5008.796 72.933
        93     94.0 -8846.223 5046.067 72.936
        94     95.0 -8836.470 5054.401 72.938
        95     96.0 -8675.092 5010.338 72.940
        96     97.0 -8786.667 5065.131 72.941
        97     98.0 -8760.875 4937.511 72.942
        98     99.0 -8661.262 5069.776 72.942
        99    100.0 -8872.761 5058.170 72.944
