# iteration | simulation time (ps) | potential_energy (kT) | kinetic_energy (kT) | ns per day
         0      1.0 -7631.704 5358.518 63.210
         1      2.0 -7857.219 5588.667 63.330
         2      3.0 -7855.253 5456.890 63.376
         3      4.0 -7835.834 5512.855 63.511
         4      5.0 -7906.341 5386.490 63.537
         5      6.0 -7859.929 5407.216 63.559
         6      7.0 -7932.475 5611.176 62.737
         7      8.0 -7982.328 5470.378 62.864
         8      9.0 -8081.234 5489.692 62.894
         9     10.0 -8048.965 5389.721 62.980
        10     11.0 -8174.542 5570.918 63.057
        11     12.0 -8219.514 5529.540 63.110
        12     13.0 -8106.477 5393.938 63.138
        13     14.0 -8103.592 5550.871 63.193
        14     15.0 -8145.675 5465.447 63.234
        15     16.0 -8246.040 5394.294 63.265
        16     17.0 -8213.611 5558.412 63.297
        17     18.0 -8260.128 5568.109 63.334
        18     19.0 -8188.156 5365.404 63.366
        19     20.0 -8214.550 5478.689 63.398
        20     21.0 -8229.385 5516.929 63.419
        21     22.0 -8156.506 5397.726 63.435
        22     23.0 -8202.773 5427.616 63.450
        23     24.0 -8346.552 5550.177 63.462
        24     25.0 -8306.804 5534.891 63.463
        25     26.0 -8471.184 5603.636 63.461
        26     27.0 -8450.554 5464.932 63.460
        27     28.0 -8369.182 5502.400 63.461
        28     29.0 -8283.431 5421.463 63.272
        29     30.0 -8399.104 5513.689 63.266
        30     31.0 -8331.709 5458.051 63.268
        31     32.0 -8243.420 5414.346 63.256
        32     33.0 -8338.180 5604.714 63.255
        33     34.0 -8265.205 5412.353 63.257
        34     35.0 -8363.590 5399.483 63.256
        35     36.0 -8452.374 5481.133 63.245
        36     37.0 -8395.760 5423.261 63.236
        37     38.0 -8444.863 5586.916 63.239
        38     39.0 -8387.493 5442.917 63.241
        39     40.0 -8395.294 5463.619 63.240
        40     41.0 -8300.359 5338.856 63.238
        41     42.0 -8385.950 5525.444 63.237
        42     43.0 -8481.735 5463.955 63.230
        43     44.0 -8568.706 5448.327 63.223
        44     45.0 -8463.159 5470.703 63.219
        45     46.0 -8408.490 5456.560 63.217
        46     47.0 -8549.223 5587.117 63.212
        47     48.0 -8363.880 5529.899 63.214
        48     49.0 -8401.397 5499.313 63.202
        49     50.0 -8379.700 5513.074 63.200
        50     51.0 -8313.988 5398.297 63.112
        51     52.0 -8482.814 5418.502 63.111
        52     53.0 -8477.991 5548.220 63.113
        53     54.0 -8499.704 5590.259 63.117
        54     55.0 -8522.526 5435.680 63.119
        55     56.0 -8417.864 5448.599 63.122
        56     57.0 -8444.393 5389.831 63.124
        57     58.0 -8558.133 5487.953 63.127
        58     59.0 -8500.502 5527.546 63.127
        59     60.0 -8515.583 5558.364 63.127
        60     61.0 -8639.688 5538.050 63.128
        61     62.0 -8768.061 5453.562 63.130
        62     63.0 -8549.348 5544.155 63.131
        63     64.0 -8447.780 5560.791 63.131
        64     65.0 -8555.398 5496.032 63.129
        65     66.0 -8460.937 5517.002 63.125
        66     67.0 -8547.374 5449.744 63.120
        67     68.0 -8522.233 5593.404 63.117
        68     69.0 -8456.527 5575.432 63.117
        69     70.0 -8550.908 5601.126 63.112
        70     71.0 -8661.667 5505.306 63.106
        71     72.0 -8705.374 5543.409 63.100
        72     73.0 -8600.020 5515.024 63.094
        73     74.0 -8450.942 5371.467 63.043
        74     75.0 -8524.712 5413.057 63.040
        75     76.0 -8500.550 5563.384 63.034
        76     77.0 -8641.964 5513.070 63.027
        77     78.0 -8610.108 5423.366 63.021
        78     79.0 -8497.903 5489.153 63.014
        79     80.0 -8563.056 5521.023 63.007
        80     81.0 -8539.885 5362.519 63.000
        81     82.0 -8579.140 5505.680 62.994
        82     83.0 -8470.145 5547.735 62.989
        83     84.0 -8545.471 5525.555 62.980
        84     85.0 -8601.646 5501.169 62.975
        85     86.0 -8572.467 5500.667 62.969
        86     87.0 -8566.107 5437.140 62.964
        87     88.0 -8638.065 5354.789 62.960
        88     89.0 -8637.216 5607.023 62.954
        89     90.0 -8564.895 5419.358 62.950
        90     91.0 -8553.259 5363.928 62.944
        91     92.0 -8508.775 5516.188 62.940
        92     93.0 -8512.583 5464.401 62.935
        93     94.0 -8539.915 5450.811 62.931
        94     95.0 -8609.041 5612.669 62.923
        95     96.0 -8617.204 5453.130 62.886
        96     97.0 -8546.406 5516.577 62.882
        97     98.0 -8484.652 5502.664 62.878
        98     99.0 -8621.334 5470.227 62.875
        99    100.0 -8653.416 5605.660 62.871
