# iteration | simulation time (ps) | potential_energy (kT) | kinetic_energy (kT) | ns per day
         0      1.0 -6028.252 5058.634 117.866
         1      2.0 -6117.106 5055.249 117.365
         2      3.0 -6384.440 5045.599 113.754
         3      4.0 -6382.501 5005.454 114.442
         4      5.0 -6303.121 5057.327 114.790
         5      6.0 -6371.528 4990.086 115.025
         6      7.0 -6363.355 4999.692 115.189
         7      8.0 -6340.521 5026.853 115.297
         8      9.0 -6441.282 4986.292 115.470
         9     10.0 -6488.594 4966.562 115.605
        10     11.0 -6465.982 4985.934 115.616
        11     12.0 -6509.178 5037.616 115.645
        12     13.0 -6404.690 5054.170 115.664
        13     14.0 -6461.442 5075.054 115.682
        14     15.0 -6459.984 5144.046 115.648
        15     16.0 -6535.013 4954.918 115.659
        16     17.0 -6632.034 4980.506 115.659
        17     18.0 -6562.379 5006.874 115.663
        18     19.0 -6589.143 5043.673 115.663
        19     20.0 -6616.241 5019.483 115.668
        20     21.0 -6531.551 4907.190 115.645
        21     22.0 -6632.024 5049.303 115.645
        22     23.0 -6688.641 5099.005 115.650
        23     24.0 -6744.828 4987.855 115.640
        24     25.0 -6636.592 5037.673 115.645
        25     26.0 -6340.086 5035.015 115.644
        26     27.0 -6628.402 4964.658 115.645
        27     28.0 -6498.999 4863.789 115.375
        28     29.0 -6627.584 5121.543 114.594
        29     30.0 -6602.395 5055.653 114.210
        30     31.0 -6664.457 5102.108 113.854
        31     32.0 -6641.740 5162.192 113.519
        32     33.0 -6743.261 5017.419 113.209
        33     34.0 -6727.113 5115.234 112.917
        34     35.0 -6600.956 5092.183 112.645
        35     36.0 -6606.880 4945.725 112.390
        36     37.0 -6798.709 5186.703 112.148
        37     38.0 -6685.293 5101.954 111.920
        38     39.0 -6731.383 5027.794 111.703
        39     40.0 -6741.093 5110.666 111.501
        40     41.0 -6639.336 5147.763 111.304
        41     42.0 -6796.310 5068.876 111.121
        42     43.0 -6707.844 5047.365 110.947
        43     44.0 -6760.359 4973.966 110.781
        44     45.0 -6651.356 5062.631 110.623
        45     46.0 -6719.193 5051.210 110.471
        46     47.0 -6669.452 5080.073 110.316
        47     48.0 -6722.741 5056.915 110.166
        48     49.0 -6755.650 5157.059 110.021
        49     50.0 -6787.248 5112.474 109.884
        50     51.0 -6719.868 4925.474 109.763
        51     52.0 -6755.638 4986.682 109.637
        52     53.0 -6674.442 4969.838 109.506
        53     54.0 -6668.189 5064.821 109.390
        54     55.0 -6820.247 4935.790 109.278
        55     56.0 -6844.258 5147.881 108.946
        56     57.0 -6795.820 5137.247 108.847
        57     58.0 -6563.862 5047.387 108.752
        58     59.0 -6828.166 5023.293 108.664
        59     60.0 -6762.917 5001.496 108.574
        60     61.0 -6643.328 4889.434 108.495
        61     62.0 -6865.637 5125.732 108.422
        62     63.0 -6864.885 5070.088 108.349
        63     64.0 -6758.337 5083.082 108.270
        64     65.0 -6791.751 5041.505 108.194
        65     66.0 -6794.341 5210.555 108.128
        66     67.0 -6800.536 4989.594 108.057
        67     68.0 -6728.427 5096.038 107.985
        68     69.0 -6719.453 5062.292 107.918
        69     70.0 -6657.363 5188.611 107.852
        70     71.0 -6827.677 5101.983 107.789
        71     72.0 -6719.037 4915.908 107.727
        72     73.0 -6609.852 4944.163 107.669
        73     74.0 -6654.354 5035.914 107.613
        74     75.0 -6660.296 5100.257 107.563
        75     76.0 -6769.522 5137.739 107.509
        76     77.0 -6719.912 4884.682 107.455
        77     78.0 -6788.198 5032.534 107.343
        78     79.0 -6783.348 5035.992 107.294
        79     80.0 -6832.691 4953.518 107.244
        80     81.0 -6692.741 4960.539 107.197
        81     82.0 -6781.863 5082.339 107.149
        82     83.0 -6618.290 5005.709 107.003
        83     84.0 -6631.578 4950.284 106.967
        84     85.0 -6747.436 5021.470 106.924
        85     86.0 -6734.366 5091.671 106.884
        86     87.0 -6759.357 5005.116 106.844
        87     88.0 -6780.329 4943.380 106.805
        88     89.0 -6807.497 5074.629 106.767
        89     90.0 -6851.102 5195.854 106.729
        90     91.0 -6721.697 5087.903 106.693
        91     92.0 -6803.880 5072.271 106.656
        92     93.0 -6802.081 4999.854 106.624
        93     94.0 -6815.162 5108.333 106.592
        94     95.0 -6740.256 4980.176 106.558
        95     96.0 -6882.136 5109.702 106.526
        96     97.0 -6669.092 5019.981 106.484
        97     98.0 -6758.483 4961.363 106.454
        98     99.0 -6759.932 5033.263 106.429
        99    100.0 -6801.317 5070.184 106.405
