# iteration | simulation time (ps) | potential_energy (kT) | kinetic_energy (kT) | ns per day
         0      1.0 -8922.725 5420.851 63.939
         1      2.0 -9032.607 5436.194 63.867
         2      3.0 -9253.063 5359.957 63.837
         3      4.0 -9401.002 5401.161 63.832
         4      5.0 -9430.460 5415.161 63.824
         5      6.0 -9522.371 5328.710 63.828
         6      7.0 -9489.990 5300.402 63.828
         7      8.0 -9643.875 5325.210 63.830
         8      9.0 -9385.094 5281.820 63.385
         9     10.0 -9778.132 5368.142 63.426
        10     11.0 -9555.230 5375.636 63.457
        11     12.0 -9545.335 5470.091 63.487
        12     13.0 -9648.341 5391.457 63.509
        13     14.0 -9704.891 5372.854 63.531
        14     15.0 -9694.569 5485.006 63.547
        15     16.0 -9556.483 5482.025 63.565
        16     17.0 -9692.637 5416.685 63.580
        17     18.0 -9836.301 5379.699 63.592
        18     19.0 -9862.043 5277.367 63.602
        19     20.0 -9701.396 5296.847 63.613
        20     21.0 -9696.505 5300.642 63.617
        21     22.0 -9852.558 5274.295 63.623
        22     23.0 -9741.409 5407.211 63.629
        23     24.0 -9721.151 5407.644 63.636
        24     25.0 -9677.713 5372.369 63.633
        25     26.0 -9736.138 5343.660 63.626
        26     27.0 -9790.216 5456.932 63.616
        27     28.0 -9836.145 5457.429 63.608
        28     29.0 -9874.075 5443.279 63.601
        29     30.0 -9751.822 5464.045 63.590
        30     31.0 -9862.204 5501.130 63.457
        31     32.0 -9857.896 5466.655 63.455
        32     33.0 -9817.418 5304.511 63.452
        33     34.0 -9814.556 5268.361 63.448
        34     35.0 -9873.690 5399.408 63.441
        35     36.0 -9824.270 5437.233 63.437
        36     37.0 -9916.015 5348.042 63.431
        37     38.0 -9838.993 5495.735 63.427
        38     39.0 -9862.467 5447.365 63.420
        39     40.0 -9939.526 5237.770 63.412
        40     41.0 -10046.459 5501.908 63.407
        41     42.0 -9839.173 5327.457 63.403
        42     43.0 -9834.086 5531.576 63.399
        43     44.0 -9913.415 5337.721 63.391
        44     45.0 -9893.515 5371.683 63.383
        45     46.0 -9907.695 5372.540 63.376
        46     47.0 -9853.355 5181.958 63.372
        47     48.0 -10003.462 5457.506 63.367
        48     49.0 -9936.687 5410.395 63.362
        49     50.0 -9947.977 5426.137 63.356
        50     51.0 -10051.931 5204.517 63.351
        51     52.0 -9956.823 5350.511 63.346
        52     53.0 -10019.016 5426.834 63.270
        53     54.0 -9882.437 5677.444 63.270
        54     55.0 -9816.800 5373.940 63.267
        55     56.0 -9823.809 5429.006 63.266
        56     57.0 -9904.591 5409.523 63.261
        57     58.0 -9829.949 5403.237 63.258
        58     59.0 -9943.127 5368.669 63.253
        59     60.0 -9998.420 5434.327 63.252
        60     61.0 -9833.951 5583.276 63.252
        61     62.0 -9853.350 5443.198 63.249
        62     63.0 -9974.652 5403.464 63.245
        63     64.0 -9839.337 5328.947 63.242
        64     65.0 -9855.231 5361.333 63.238
        65     66.0 -10009.292 5437.186 63.236
        66     67.0 -9922.823 5455.971 63.233
        67     68.0 -9949.723 5361.510 63.230
        68     69.0 -9994.364 5471.649 63.227
        69     70.0 -9798.879 5392.335 63.224
        70     71.0 -9932.781 5368.967 63.221
        71     72.0 -9844.554 5381.864 63.218
        72     73.0 -9975.976 5421.393 63.216
        73     74.0 -9917.606 5313.922 63.212
        74     75.0 -9921.717 5427.128 63.209
        75     76.0 -9871.665 5425.314 63.157
        76     77.0 -10004.054 5405.883 63.156
        77     78.0 -10022.357 5335.953 63.156
        78     79.0 -9898.150 5320.147 63.157
        79     80.0 -9953.786 5349.549 63.156
        80     81.0 -10026.837 5402.173 63.155
        81     82.0 -10044.152 5351.415 63.155
        82     83.0 -9842.660 5458.706 63.156
        83     84.0 -9981.676 5313.417 63.155
        84     85.0 -10004.734 5332.034 63.155
        85     86.0 -9952.656 5426.826 63.153
        86     87.0 -9999.053 5327.167 63.153
        87     88.0 -9954.323 5370.874 63.153
        88     89.0 -10018.012 5260.566 63.152
        89     90.0 -9936.402 5294.634 63.152
        90     91.0 -10008.454 5267.415 63.151
        91     92.0 -9970.583 5447.192 63.150
        92     93.0 -10002.781 5386.211 63.150
        93     94.0 -9960.880 5383.292 63.150
        94     95.0 -9925.369 5393.649 63.149
        95     96.0 -10062.739 5393.013 63.148
        96     97.0 -10044.979 5407.451 63.148
        97     98.0 -10047.555 5409.773 63.116
        98     99.0 -10046.475 5470.520 63.115
        99    100.0 -10010.683 5432.304 63.116
