# iteration | simulation time (ps) | potential_energy (kT) | kinetic_energy (kT) | ns per day
         0      1.0 -7495.241 5576.447 64.090
         1      2.0 -7905.805 5380.270 64.084
         2      3.0 -7788.630 5366.912 64.048
         3      4.0 -7707.047 5506.251 63.983
         4      5.0 -8074.677 5479.586 63.986
         5      6.0 -7983.044 5476.573 63.978
         6      7.0 -8039.162 5444.918 63.979
         7      8.0 -7984.116 5437.331 63.480
         8      9.0 -7975.120 5345.525 63.538
         9     10.0 -8062.893 5430.889 63.571
        10     11.0 -8201.382 5533.459 63.590
        11     12.0 -8304.599 5484.484 63.576
        12     13.0 -8234.656 5456.035 63.573
        13     14.0 -8062.093 5492.246 63.550
        14     15.0 -7997.161 5424.577 63.549
        15     16.0 -8185.848 5422.052 63.545
        16     17.0 -8307.088 5333.533 63.537
        17     18.0 -8385.124 5529.625 63.527
        18     19.0 -8291.275 5480.177 63.514
        19     20.0 -8254.796 5476.388 63.501
        20     21.0 -8181.974 5545.982 63.491
        21     22.0 -8203.936 5519.447 63.478
        22     23.0 -8321.265 5389.826 63.470
        23     24.0 -8284.020 5511.680 63.461
        24     25.0 -8344.027 5434.737 63.452
        25     26.0 -8379.064 5408.243 63.444
        26     27.0 -8395.606 5583.340 63.439
        27     28.0 -8329.030 5540.133 63.433
        28     29.0 -8401.739 5470.449 63.420
        29     30.0 -8241.090 5510.884 63.258
        30     31.0 -8396.653 5506.910 63.254
        31     32.0 -8431.875 5320.000 63.246
        32     33.0 -8350.109 5394.268 63.242
        33     34.0 -8322.607 5446.270 63.233
        34     35.0 -8357.998 5519.017 63.233
        35     36.0 -8185.622 5585.465 63.233
        36     37.0 -8312.235 5424.422 63.230
        37     38.0 -8409.654 5439.761 63.224
        38     39.0 -8438.554 5428.840 63.220
        39     40.0 -8459.776 5455.544 63.215
        40     41.0 -8433.222 5537.218 63.209
        41     42.0 -8395.756 5542.922 63.205
        42     43.0 -8317.284 5432.065 63.202
        43     44.0 -8516.799 5467.968 63.204
        44     45.0 -8457.791 5476.322 63.205
        45     46.0 -8421.675 5391.208 63.200
        46     47.0 -8460.870 5413.346 63.197
        47     48.0 -8557.156 5533.907 63.189
        48     49.0 -8345.539 5467.089 63.184
        49     50.0 -8449.143 5338.955 63.181
        50     51.0 -8549.799 5498.036 63.179
        51     52.0 -8674.570 5456.638 63.175
        52     53.0 -8508.030 5500.530 63.090
        53     54.0 -8444.941 5521.736 63.095
        54     55.0 -8495.801 5315.185 63.092
        55     56.0 -8368.104 5506.034 63.091
        56     57.0 -8543.796 5455.416 63.092
        57     58.0 -8560.439 5549.465 63.095
        58     59.0 -8455.857 5534.148 63.095
        59     60.0 -8346.166 5486.203 63.097
        60     61.0 -8518.303 5563.433 63.101
        61     62.0 -8541.909 5496.506 63.102
        62     63.0 -8496.380 5552.881 63.103
        63     64.0 -8547.342 5636.825 63.106
        64     65.0 -8439.664 5394.448 63.108
        65     66.0 -8538.735 5479.139 63.110
        66     67.0 -8666.501 5455.974 63.112
        67     68.0 -8554.910 5590.055 63.115
        68     69.0 -8597.112 5515.168 63.116
        69     70.0 -8489.860 5521.196 63.119
        70     71.0 -8454.727 5434.042 63.120
        71     72.0 -8354.130 5466.599 63.110
        72     73.0 -8703.273 5415.659 63.110
        73     74.0 -8438.682 5395.094 63.112
        74     75.0 -8550.216 5512.889 63.028
        75     76.0 -8445.126 5548.195 63.031
        76     77.0 -8642.044 5507.192 63.034
        77     78.0 -8613.793 5626.654 63.038
        78     79.0 -8560.667 5508.223 63.040
        79     80.0 -8609.170 5493.298 63.042
        80     81.0 -8363.777 5519.788 63.045
        81     82.0 -8428.199 5491.139 63.048
        82     83.0 -8416.429 5408.269 63.050
        83     84.0 -8523.855 5547.844 63.051
        84     85.0 -8729.776 5449.085 63.050
        85     86.0 -8564.685 5385.577 63.050
        86     87.0 -8665.484 5430.690 63.050
        87     88.0 -8550.165 5460.367 63.051
        88     89.0 -8543.145 5520.249 63.051
        89     90.0 -8610.968 5495.589 63.049
        90     91.0 -8537.882 5376.619 63.047
        91     92.0 -8476.996 5518.606 63.047
        92     93.0 -8543.053 5635.895 63.046
        93     94.0 -8548.614 5528.415 63.046
        94     95.0 -8540.851 5469.472 63.045
        95     96.0 -8665.999 5513.652 63.045
        96     97.0 -8610.922 5492.501 62.995
        97     98.0 -8538.477 5555.606 62.996
        98     99.0 -8467.399 5463.860 62.995
        99    100.0 -8763.695 5488.202 62.996
