# iteration | simulation time (ps) | potential_energy (kT) | kinetic_energy (kT) | ns per day
         0      1.0 -8250.019 5566.804 63.231
         1      2.0 -8469.105 5462.185 63.127
         2      3.0 -8370.487 5579.702 63.134
         3      4.0 -8403.295 5630.824 63.120
         4      5.0 -8441.702 5490.086 63.123
         5      6.0 -8476.934 5571.927 63.115
         6      7.0 -8605.667 5453.405 63.109
         7      8.0 -8508.322 5463.229 62.415
         8      9.0 -8529.980 5285.259 62.498
         9     10.0 -8523.400 5387.865 62.550
        10     11.0 -8552.182 5562.377 62.613
        11     12.0 -8463.789 5439.332 62.640
        12     13.0 -8500.404 5596.423 62.673
        13     14.0 -8646.516 5342.511 62.700
        14     15.0 -8551.451 5495.290 62.717
        15     16.0 -8557.745 5412.942 62.729
        16     17.0 -8406.903 5339.429 62.749
        17     18.0 -8646.173 5550.857 62.743
        18     19.0 -8599.879 5450.500 62.749
        19     20.0 -8642.564 5484.967 62.758
        20     21.0 -8705.152 5508.714 62.763
        21     22.0 -8711.882 5365.157 62.767
        22     23.0 -8548.487 5476.419 62.765
        23     24.0 -8668.883 5447.962 62.765
        24     25.0 -8577.023 5470.893 62.767
        25     26.0 -8683.585 5435.664 62.759
        26     27.0 -8616.165 5380.286 62.758
        27     28.0 -8732.532 5561.454 62.753
        28     29.0 -8725.876 5523.696 62.745
        29     30.0 -8700.069 5402.676 62.557
        30     31.0 -8448.704 5457.444 62.560
        31     32.0 -8693.317 5547.386 62.557
        32     33.0 -8674.535 5511.207 62.561
        33     34.0 -8769.413 5514.010 62.558
        34     35.0 -8683.706 5445.230 62.558
        35     36.0 -8767.052 5568.867 62.554
        36     37.0 -8613.526 5625.379 62.555
        37     38.0 -8602.463 5466.152 62.554
        38     39.0 -8897.423 5405.221 62.554
        39     40.0 -8756.685 5507.222 62.551
        40     41.0 -8760.835 5488.214 62.551
        41     42.0 -8721.021 5383.813 62.548
        42     43.0 -8865.823 5348.270 62.549
        43     44.0 -8882.066 5465.011 62.548
        44     45.0 -8785.161 5427.835 62.548
        45     46.0 -8734.624 5488.252 62.548
        46     47.0 -8865.631 5433.905 62.550
        47     48.0 -8741.509 5430.473 62.551
        48     49.0 -8715.459 5533.172 62.552
        49     50.0 -8784.859 5439.561 62.550
        50     51.0 -8638.750 5440.558 62.552
        51     52.0 -8690.867 5395.854 62.554
        52     53.0 -8838.631 5520.624 62.480
        53     54.0 -8741.467 5439.879 62.483
        54     55.0 -8697.311 5524.503 62.485
        55     56.0 -8769.270 5491.168 62.486
        56     57.0 -8802.412 5503.391 62.487
        57     58.0 -8878.604 5406.607 62.490
        58     59.0 -8667.245 5506.605 62.492
        59     60.0 -8837.699 5466.608 62.494
        60     61.0 -8911.972 5442.812 62.494
        61     62.0 -8851.216 5515.627 62.497
        62     63.0 -8824.911 5511.564 62.498
        63     64.0 -8819.394 5559.009 62.496
        64     65.0 -8832.674 5437.710 62.496
        65     66.0 -8851.421 5541.745 62.496
        66     67.0 -8793.814 5273.117 62.494
        67     68.0 -8821.200 5403.566 62.495
        68     69.0 -8803.063 5596.582 62.494
        69     70.0 -8827.453 5458.040 62.493
        70     71.0 -8852.504 5317.039 62.492
        71     72.0 -8908.735 5509.808 62.490
        72     73.0 -8747.615 5515.226 62.487
        73     74.0 -8938.292 5496.946 62.487
        74     75.0 -8879.447 5440.014 62.412
        75     76.0 -8802.569 5377.920 62.413
        76     77.0 -8702.850 5465.926 62.413
        77     78.0 -8871.016 5695.462 62.413
        78     79.0 -8864.598 5449.802 62.412
        79     80.0 -8860.761 5452.555 62.414
        80     81.0 -8793.204 5550.806 62.416
        81     82.0 -8720.479 5442.889 62.418
        82     83.0 -8947.639 5375.275 62.421
        83     84.0 -8769.696 5461.263 62.423
        84     85.0 -8822.982 5463.956 62.424
        85     86.0 -8953.795 5519.356 62.428
        86     87.0 -8941.035 5336.463 62.429
        87     88.0 -8874.177 5427.497 62.432
        88     89.0 -8907.471 5335.348 62.433
        89     90.0 -8961.598 5464.757 62.434
        90     91.0 -8905.010 5456.354 62.435
        91     92.0 -8848.717 5440.208 62.438
        92     93.0 -8950.699 5346.383 62.439
        93     94.0 -8937.705 5522.725 62.441
        94     95.0 -8944.726 5476.452 62.443
        95     96.0 -9124.987 5504.853 62.446
        96     97.0 -9058.737 5418.634 62.407
        97     98.0 -8815.673 5494.965 62.410
        98     99.0 -9001.390 5521.256 62.410
        99    100.0 -8864.269 5460.841 62.412
