# iteration | simulation time (ps) | potential_energy (kT) | kinetic_energy (kT) | ns per day
         0      1.0 -7578.996 5536.096 62.628
         1      2.0 -7844.769 5334.473 62.433
         2      3.0 -7925.739 5579.137 62.435
         3      4.0 -7825.204 5382.790 62.433
         4      5.0 -8076.763 5396.239 62.435
         5      6.0 -7919.818 5573.776 62.452
         6      7.0 -8084.861 5507.627 62.452
         7      8.0 -8156.091 5484.048 62.453
         8      9.0 -8168.858 5480.634 62.450
         9     10.0 -8211.459 5516.355 62.444
        10     11.0 -8110.784 5431.021 62.429
        11     12.0 -8257.726 5472.380 62.421
        12     13.0 -7956.592 5534.616 62.414
        13     14.0 -8064.677 5435.111 62.410
        14     15.0 -8123.255 5486.624 62.401
        15     16.0 -8414.913 5556.486 62.387
        16     17.0 -8325.352 5566.893 62.384
        17     18.0 -8226.561 5566.554 62.376
        18     19.0 -8239.486 5622.220 62.376
        19     20.0 -8219.897 5449.144 62.176
        20     21.0 -8346.563 5535.735 62.189
        21     22.0 -8257.160 5539.038 62.189
        22     23.0 -8487.035 5460.521 62.189
        23     24.0 -8393.485 5461.614 62.182
        24     25.0 -8347.980 5531.922 62.175
        25     26.0 -8332.947 5458.283 62.169
        26     27.0 -8298.353 5377.226 62.160
        27     28.0 -8389.709 5437.374 62.148
        28     29.0 -8258.261 5437.646 62.142
        29     30.0 -8358.140 5556.535 62.135
        30     31.0 -8386.289 5633.639 62.126
        31     32.0 -8345.087 5501.248 62.120
        32     33.0 -8225.052 5613.860 62.118
        33     34.0 -8356.324 5464.456 62.112
        34     35.0 -8450.910 5441.816 62.109
        35     36.0 -8329.943 5393.418 62.104
        36     37.0 -8355.608 5414.867 62.103
        37     38.0 -8329.263 5514.687 62.099
        38     39.0 -8389.555 5490.330 62.095
        39     40.0 -8381.548 5425.693 62.091
        40     41.0 -8412.532 5455.488 62.089
        41     42.0 -8412.795 5409.176 61.987
        42     43.0 -8427.924 5468.187 61.988
        43     44.0 -8214.039 5390.903 61.985
        44     45.0 -8616.810 5631.289 61.984
        45     46.0 -8408.530 5469.680 61.979
        46     47.0 -8387.196 5459.774 61.976
        47     48.0 -8600.965 5555.068 61.972
        48     49.0 -8414.295 5460.480 61.969
        49     50.0 -8490.638 5377.067 61.968
        50     51.0 -8364.104 5476.042 61.967
        51     52.0 -8470.784 5427.684 61.964
        52     53.0 -8453.559 5519.797 61.964
        53     54.0 -8403.632 5356.324 61.962
        54     55.0 -8327.538 5471.028 61.962
        55     56.0 -8417.220 5587.150 61.961
        56     57.0 -8471.499 5352.198 61.956
        57     58.0 -8481.380 5482.954 61.954
        58     59.0 -8568.854 5473.469 61.951
        59     60.0 -8603.058 5447.565 61.946
        60     61.0 -8571.509 5531.367 61.944
        61     62.0 -8526.472 5513.274 61.940
        62     63.0 -8398.523 5540.260 61.938
        63     64.0 -8356.378 5394.188 61.866
        64     65.0 -8424.943 5432.971 61.867
        65     66.0 -8495.472 5390.669 61.863
        66     67.0 -8491.574 5431.476 61.860
        67     68.0 -8609.624 5500.947 61.856
        68     69.0 -8533.379 5569.365 61.853
        69     70.0 -8514.123 5533.179 61.849
        70     71.0 -8489.100 5467.049 61.846
        71     72.0 -8616.573 5469.571 61.843
        72     73.0 -8596.016 5621.334 61.841
        73     74.0 -8538.301 5487.310 61.837
        74     75.0 -8495.392 5453.185 61.835
        75     76.0 -8496.319 5501.565 61.833
        76     77.0 -8586.438 5394.701 61.832
        77     78.0 -8719.078 5558.205 61.830
        78     79.0 -8528.276 5426.307 61.828
        79     80.0 -8671.633 5481.080 61.828
        80     81.0 -8655.192 5418.271 61.828
        81     82.0 -8588.038 5507.536 61.828
        82     83.0 -8546.821 5555.046 61.829
        83     84.0 -8550.885 5495.336 61.829
        84     85.0 -8674.680 5463.205 61.828
        85     86.0 -8473.558 5636.824 61.791
        86     87.0 -8608.186 5537.214 61.793
        87     88.0 -8502.041 5464.856 61.792
        88     89.0 -8656.052 5507.343 61.791
        89     90.0 -8516.711 5476.199 61.792
        90     91.0 -8581.594 5568.642 61.791
        91     92.0 -8629.654 5478.099 61.791
        92     93.0 -8509.751 5635.168 61.792
        93     94.0 -8590.443 5484.254 61.791
        94     95.0 -8616.299 5365.720 61.791
        95     96.0 -8620.033 5425.164 61.790
        96     97.0 -8663.361 5408.166 61.790
        97     98.0 -8560.158 5565.323 61.790
        98     99.0 -8593.159 5343.226 61.791
        99    100.0 -8575.548 5542.761 61.791
