# iteration | simulation time (ps) | potential_energy (kT) | kinetic_energy (kT) | ns per day
         0      1.0 -8696.275 4983.110 115.472
         1      2.0 -8763.094 5031.223 116.542
         2      3.0 -8820.955 4993.608 116.815
         3      4.0 -8879.132 5096.889 116.894
         4      5.0 -8704.277 5071.295 116.937
         5      6.0 -8777.625 4950.742 116.887
         6      7.0 -8861.186 5140.137 116.859
         7      8.0 -8818.163 5192.640 116.905
         8      9.0 -8995.957 4928.986 116.919
         9     10.0 -8896.106 5000.330 116.925
        10     11.0 -9014.256 5140.323 115.363
        11     12.0 -8882.104 5033.742 115.524
        12     13.0 -9011.076 5011.807 115.634
        13     14.0 -9018.800 4992.252 115.705
        14     15.0 -9029.833 4951.158 115.791
        15     16.0 -8971.798 4963.803 115.847
        16     17.0 -9050.728 4958.977 115.881
        17     18.0 -8917.355 5062.098 115.927
        18     19.0 -8798.684 5080.760 115.946
        19     20.0 -8862.122 5136.552 115.960
        20     21.0 -9061.631 5005.105 115.977
        21     22.0 -8980.858 5027.321 115.999
        22     23.0 -9109.427 4955.728 116.036
        23     24.0 -9147.358 4984.616 116.051
        24     25.0 -9048.433 5025.081 116.074
        25     26.0 -9161.503 4935.911 116.051
        26     27.0 -9123.228 5181.281 116.068
        27     28.0 -9083.420 5077.618 116.088
        28     29.0 -9048.727 5027.282 116.094
        29     30.0 -8994.328 5068.500 116.098
        30     31.0 -9202.401 5105.912 116.098
        31     32.0 -9241.266 5113.419 116.116
        32     33.0 -9060.250 5057.417 116.118
        33     34.0 -9137.312 5009.531 116.115
        34     35.0 -9287.831 4965.995 116.119
        35     36.0 -9010.363 5007.858 116.111
        36     37.0 -9017.665 5024.571 116.119
        37     38.0 -9198.789 4948.307 115.689
        38     39.0 -9301.862 5057.442 115.713
        39     40.0 -9034.842 5141.525 115.704
        40     41.0 -9075.606 5004.449 115.708
        41     42.0 -9176.533 5033.829 115.720
        42     43.0 -9089.330 5000.046 115.709
        43     44.0 -9147.366 5025.789 115.706
        44     45.0 -9132.459 5013.739 115.702
        45     46.0 -9157.579 5072.800 115.702
        46     47.0 -9111.353 5087.230 115.701
        47     48.0 -9312.620 5046.320 115.700
        48     49.0 -9227.842 5000.705 115.700
        49     50.0 -9229.045 5131.092 115.695
        50     51.0 -9260.716 5031.473 115.696
        51     52.0 -9185.583 5113.411 115.685
        52     53.0 -9152.791 5010.565 115.687
        53     54.0 -9258.246 5036.175 115.678
        54     55.0 -9280.290 5030.753 115.677
        55     56.0 -9277.972 5063.358 115.671
        56     57.0 -9054.453 5068.196 115.666
        57     58.0 -9111.607 5127.581 115.658
        58     59.0 -9290.355 5010.052 115.649
        59     60.0 -9068.586 5079.182 115.632
        60     61.0 -9194.656 4942.088 115.619
        61     62.0 -9187.014 5135.000 115.612
        62     63.0 -9268.917 5017.024 115.602
        63     64.0 -9220.766 5090.205 115.586
        64     65.0 -9159.922 5092.207 115.364
        65     66.0 -9241.797 4925.968 115.362
        66     67.0 -9223.115 5050.274 115.347
        67     68.0 -9047.363 5019.522 115.341
        68     69.0 -9135.814 5016.890 115.333
        69     70.0 -9219.134 4999.908 115.326
        70     71.0 -9210.708 5064.507 115.320
        71     72.0 -9183.170 5085.199 115.314
        72     73.0 -9247.528 4997.469 115.308
        73     74.0 -9241.404 5181.170 115.302
        74     75.0 -9102.356 5030.700 115.296
        75     76.0 -9304.958 5122.485 115.291
        76     77.0 -9286.534 5070.243 115.286
        77     78.0 -9243.300 4955.441 115.282
        78     79.0 -9308.599 5099.059 115.277
        79     80.0 -9175.307 5168.434 115.271
        80     81.0 -9154.973 5016.920 115.263
        81     82.0 -9101.688 5031.623 115.257
        82     83.0 -9253.654 4982.337 115.252
        83     84.0 -9152.834 5059.372 115.239
        84     85.0 -9287.791 5013.781 115.233
        85     86.0 -9204.327 5056.636 115.227
        86     87.0 -9184.981 5089.733 115.219
        87     88.0 -9249.428 5050.903 115.216
        88     89.0 -9308.313 5021.565 115.207
        89     90.0 -9276.172 4950.981 115.203
        90     91.0 -9187.735 5036.286 115.062
        91     92.0 -9236.630 4977.173 115.060
        92     93.0 -9120.575 5062.115 115.054
        93     94.0 -9323.309 4921.528 115.050
        94     95.0 -9214.376 5045.649 115.046
        95     96.0 -9168.633 5005.921 115.041
        96     97.0 -9276.115 4969.976 115.037
        97     98.0 -9272.974 5055.208 115.033
        98     99.0 -9356.691 5078.051 115.028
        99    100.0 -9363.717 5160.164 115.025
