# iteration | simulation time (ps) | potential_energy (kT) | kinetic_energy (kT) | ns per day
         0      1.0 -6777.909 5438.091 63.716
         1      2.0 -6905.835 5467.512 63.650
         2      3.0 -7130.989 5515.293 63.661
         3      4.0 -7220.390 5443.530 62.440
         4      5.0 -7480.139 5422.381 62.676
         5      6.0 -7275.258 5401.592 62.834
         6      7.0 -7347.403 5439.405 62.959
         7      8.0 -7501.221 5498.532 63.064
         8      9.0 -7447.832 5276.615 63.149
         9     10.0 -7416.495 5421.194 63.205
        10     11.0 -7420.721 5535.628 63.248
        11     12.0 -7477.283 5478.740 63.283
        12     13.0 -7383.702 5393.055 63.315
        13     14.0 -7516.691 5484.138 63.340
        14     15.0 -7462.795 5556.841 63.363
        15     16.0 -7528.611 5438.990 63.380
        16     17.0 -7615.310 5400.563 63.396
        17     18.0 -7540.091 5374.558 63.407
        18     19.0 -7579.666 5282.888 63.420
        19     20.0 -7669.263 5491.462 63.428
        20     21.0 -7609.393 5480.925 63.439
        21     22.0 -7561.547 5431.621 63.443
        22     23.0 -7438.511 5303.374 63.452
        23     24.0 -7663.288 5582.635 63.460
        24     25.0 -7658.493 5405.291 63.462
        25     26.0 -7492.112 5521.126 63.254
        26     27.0 -7623.470 5497.174 63.265
        27     28.0 -7665.594 5428.756 63.277
        28     29.0 -7737.141 5375.311 63.282
        29     30.0 -7653.564 5320.433 63.293
        30     31.0 -7578.929 5247.305 63.298
        31     32.0 -7476.346 5338.497 63.303
        32     33.0 -7593.162 5433.020 63.304
        33     34.0 -7694.840 5408.976 63.299
        34     35.0 -7598.478 5355.831 63.292
        35     36.0 -7670.973 5418.128 63.287
        36     37.0 -7820.550 5289.411 63.287
        37     38.0 -7674.061 5362.744 63.288
        38     39.0 -7684.161 5409.097 63.286
        39     40.0 -7659.346 5411.752 63.278
        40     41.0 -7756.404 5414.699 63.273
        41     42.0 -7740.425 5534.923 63.270
        42     43.0 -7811.746 5484.653 63.267
        43     44.0 -7781.851 5409.790 63.260
        44     45.0 -7750.264 5312.492 63.253
        45     46.0 -7747.007 5319.719 63.247
        46     47.0 -7769.364 5456.060 63.243
        47     48.0 -7751.137 5461.454 63.129
        48     49.0 -7717.497 5411.470 63.128
        49     50.0 -7862.427 5493.092 63.126
        50     51.0 -7710.090 5249.786 63.124
        51     52.0 -7697.855 5446.281 63.120
        52     53.0 -7717.860 5259.130 63.116
        53     54.0 -7806.832 5541.762 63.111
        54     55.0 -7778.702 5443.403 63.107
        55     56.0 -7647.228 5436.805 63.101
        56     57.0 -7743.357 5368.203 63.098
        57     58.0 -7642.441 5549.330 63.094
        58     59.0 -7785.744 5432.560 63.092
        59     60.0 -7831.926 5542.691 63.088
        60     61.0 -7819.983 5590.908 63.085
        61     62.0 -7786.807 5545.830 63.080
        62     63.0 -7763.400 5509.647 63.078
        63     64.0 -7853.426 5514.934 63.076
        64     65.0 -7837.069 5247.057 63.073
        65     66.0 -7863.767 5384.258 63.069
        66     67.0 -7792.430 5440.707 63.066
        67     68.0 -7923.964 5315.507 63.063
        68     69.0 -7763.117 5407.232 63.061
        69     70.0 -7874.947 5241.892 62.988
        70     71.0 -7739.039 5284.152 62.988
        71     72.0 -7834.458 5402.672 62.986
        72     73.0 -7845.338 5466.250 62.985
        73     74.0 -7878.121 5427.694 62.983
        74     75.0 -7839.477 5328.897 62.981
        75     76.0 -7799.587 5404.012 62.979
        76     77.0 -7890.250 5442.488 62.978
        77     78.0 -7897.576 5508.389 62.977
        78     79.0 -7851.080 5355.438 62.977
        79     80.0 -7828.921 5399.192 62.975
        80     81.0 -7817.219 5529.785 62.973
        81     82.0 -7727.955 5473.007 62.972
        82     83.0 -7838.385 5384.688 62.972
        83     84.0 -7921.383 5462.303 62.970
        84     85.0 -7925.413 5402.932 62.971
        85     86.0 -7854.162 5439.390 62.967
        86     87.0 -7837.458 5511.638 62.967
        87     88.0 -7841.469 5477.397 62.966
        88     89.0 -7782.522 5392.247 62.966
        89     90.0 -7821.575 5438.209 62.966
        90     91.0 -7972.338 5281.130 62.966
        91     92.0 -7880.417 5401.309 62.903
        92     93.0 -7769.488 5296.890 62.903
        93     94.0 -7921.354 5487.225 62.904
        94     95.0 -8099.950 5246.065 62.905
        95     96.0 -7870.769 5381.281 62.904
        96     97.0 -7915.013 5424.875 62.905
        97     98.0 -7924.613 5433.544 62.905
        98     99.0 -7805.012 5417.996 62.905
        99    100.0 -7933.874 5376.669 62.906
