# iteration | simulation time (ps) | potential_energy (kT) | kinetic_energy (kT) | ns per day
         0      1.0 -5995.922 4950.748 73.376
         1      2.0 -6151.007 4992.924 73.115
         2      3.0 -6197.431 5013.593 73.056
         3      4.0 -6227.608 5138.113 73.099
         4      5.0 -6312.852 4957.905 73.144
         5      6.0 -6341.331 5088.809 73.119
         6      7.0 -6398.077 5113.132 73.147
         7      8.0 -6355.843 5109.871 73.162
         8      9.0 -6410.844 5100.841 72.530
         9     10.0 -6300.202 4986.821 72.589
        10     11.0 -6469.390 5027.780 72.638
        11     12.0 -6324.843 5050.204 72.705
        12     13.0 -6381.873 5078.636 72.756
        13     14.0 -6502.469 4961.435 72.809
        14     15.0 -6483.485 5134.183 72.847
        15     16.0 -6502.189 5132.770 72.883
        16     17.0 -6432.156 5022.013 72.907
        17     18.0 -6473.376 5014.234 72.930
        18     19.0 -6483.958 5075.328 72.948
        19     20.0 -6515.527 5130.109 72.970
        20     21.0 -6507.128 4995.011 72.981
        21     22.0 -6507.950 4982.397 72.995
        22     23.0 -6492.851 4942.460 72.998
        23     24.0 -6498.360 5046.643 73.003
        24     25.0 -6493.458 4985.608 73.012
        25     26.0 -6613.718 4999.934 73.013
        26     27.0 -6454.002 5141.501 73.014
        27     28.0 -6644.615 4997.778 73.013
        28     29.0 -6508.524 4974.402 73.022
        29     30.0 -6496.656 5144.504 73.025
        30     31.0 -6507.349 5003.008 73.027
        31     32.0 -6499.187 4978.391 73.026
        32     33.0 -6444.246 5007.180 73.021
        33     34.0 -6429.647 5011.096 73.017
        34     35.0 -6649.057 5122.751 72.860
        35     36.0 -6602.228 5114.527 72.867
        36     37.0 -6416.705 4929.720 72.878
        37     38.0 -6647.495 5105.910 72.886
        38     39.0 -6509.811 5012.824 72.894
        39     40.0 -6571.245 4995.183 72.895
        40     41.0 -6634.032 5015.859 72.898
        41     42.0 -6677.518 5047.335 72.898
        42     43.0 -6610.500 4959.127 72.898
        43     44.0 -6578.897 5008.396 72.898
        44     45.0 -6631.045 5030.297 72.902
        45     46.0 -6653.899 5087.388 72.908
        46     47.0 -6640.050 5051.501 72.913
        47     48.0 -6536.550 5010.592 72.915
        48     49.0 -6559.053 5020.101 72.921
        49     50.0 -6632.827 5048.161 72.927
        50     51.0 -6566.047 4990.990 72.928
        51     52.0 -6771.223 5088.300 72.929
        52     53.0 -6700.175 5019.014 72.932
        53     54.0 -6645.558 5079.466 72.934
        54     55.0 -6634.977 5123.374 72.936
        55     56.0 -6666.511 5086.935 72.939
        56     57.0 -6546.520 5052.126 72.937
        57     58.0 -6600.680 4985.019 72.940
        58     59.0 -6763.780 5084.320 72.939
        59     60.0 -6571.890 5146.422 72.938
        60     61.0 -6720.439 4964.278 72.938
        61     62.0 -6647.292 4964.909 72.866
        62     63.0 -6693.657 5075.755 72.872
        63     64.0 -6679.121 4950.831 72.872
        64     65.0 -6651.359 5084.788 72.875
        65     66.0 -6715.312 5027.106 72.878
        66     67.0 -6545.455 4970.765 72.880
        67     68.0 -6739.376 5177.585 72.883
        68     69.0 -6649.292 5072.839 72.888
        69     70.0 -6708.678 4972.416 72.889
        70     71.0 -6713.510 4874.092 72.891
        71     72.0 -6699.415 5026.049 72.891
        72     73.0 -6628.327 5165.809 72.891
        73     74.0 -6534.201 5052.393 72.891
        74     75.0 -6752.393 5130.943 72.894
        75     76.0 -6745.505 5060.896 72.894
        76     77.0 -6762.729 4981.953 72.895
        77     78.0 -6589.773 5142.294 72.897
        78     79.0 -6671.461 4969.968 72.898
        79     80.0 -6706.872 4992.766 72.903
        80     81.0 -6819.232 5031.451 72.906
        81     82.0 -6652.849 4938.244 72.910
        82     83.0 -6730.028 5018.036 72.913
        83     84.0 -6661.524 5027.256 72.915
        84     85.0 -6691.936 5130.836 72.918
        85     86.0 -6718.116 4942.186 72.920
        86     87.0 -6652.771 4969.612 72.922
        87     88.0 -6747.157 5067.740 72.924
        88     89.0 -6794.076 5028.131 72.880
        89     90.0 -6596.221 5026.397 72.882
        90     91.0 -6833.379 5068.794 72.883
        91     92.0 -6725.823 4988.729 72.887
        92     93.0 -6657.524 4998.580 72.887
        93     94.0 -6655.212 5138.592 72.889
        94     95.0 -6710.754 4925.945 72.890
        95     96.0 -6654.469 5073.297 72.891
        96     97.0 -6715.528 5027.554 72.893
        97     98.0 -6662.571 5005.714 72.894
        98     99.0 -6540.014 4956.518 72.842
        99    100.0 -6540.612 4992.033 72.843
