# iteration | simulation time (ps) | potential_energy (kT) | kinetic_energy (kT) | ns per day
         0      1.0 -8005.183 5005.478 115.467
         1      2.0 -8144.886 5090.220 115.022
         2      3.0 -8279.787 5233.040 114.345
         3      4.0 -8274.043 4902.155 114.236
         4      5.0 -8290.152 4990.820 114.061
         5      6.0 -8258.833 4854.540 114.056
         6      7.0 -8343.830 4937.761 114.017
         7      8.0 -8437.724 5050.217 112.176
         8      9.0 -8239.827 5002.097 112.402
         9     10.0 -8390.777 5086.252 112.491
        10     11.0 -8545.537 5035.801 112.592
        11     12.0 -8394.362 5012.577 112.664
        12     13.0 -8505.393 5094.024 112.719
        13     14.0 -8390.114 4985.362 112.770
        14     15.0 -8440.220 4965.843 112.769
        15     16.0 -8393.372 5039.453 112.806
        16     17.0 -8464.625 4958.410 112.832
        17     18.0 -8445.444 5050.406 112.855
        18     19.0 -8528.012 5125.998 112.877
        19     20.0 -8397.317 4992.770 112.873
        20     21.0 -8448.686 5033.833 112.898
        21     22.0 -8468.287 4974.351 112.910
        22     23.0 -8338.772 4996.552 112.918
        23     24.0 -8487.112 4994.852 112.935
        24     25.0 -8453.760 4975.142 112.939
        25     26.0 -8522.606 4913.246 112.948
        26     27.0 -8398.243 4999.750 112.952
        27     28.0 -8523.741 5020.630 112.946
        28     29.0 -8609.705 5059.870 112.950
        29     30.0 -8576.790 5101.161 112.949
        30     31.0 -8522.490 5106.770 112.956
        31     32.0 -8509.508 4988.761 112.955
        32     33.0 -8564.750 4999.529 112.968
        33     34.0 -8489.097 5126.273 112.623
        34     35.0 -8593.837 4970.985 112.644
        35     36.0 -8498.006 5012.435 112.510
        36     37.0 -8509.701 4907.869 112.514
        37     38.0 -8574.098 4957.893 112.536
        38     39.0 -8700.537 4958.902 112.550
        39     40.0 -8675.673 5105.578 112.565
        40     41.0 -8720.310 5075.582 112.579
        41     42.0 -8698.654 4983.378 112.580
        42     43.0 -8641.610 4983.933 112.570
        43     44.0 -8518.099 4980.103 112.576
        44     45.0 -8776.433 5009.451 112.590
        45     46.0 -8475.033 5169.717 112.601
        46     47.0 -8579.791 5062.302 112.613
        47     48.0 -8528.187 4964.018 112.626
        48     49.0 -8472.259 4952.094 112.630
        49     50.0 -8481.662 5074.816 112.568
        50     51.0 -8624.495 5047.389 112.472
        51     52.0 -8722.060 4968.333 112.361
        52     53.0 -8532.565 5040.858 112.243
        53     54.0 -8643.682 4934.896 112.139
        54     55.0 -8544.007 5086.464 112.041
        55     56.0 -8610.851 5079.336 111.943
        56     57.0 -8611.492 5108.612 111.841
        57     58.0 -8521.304 5041.825 111.747
        58     59.0 -8727.919 4937.037 111.661
        59     60.0 -8732.976 5076.295 111.579
        60     61.0 -8571.008 4943.393 111.273
        61     62.0 -8620.804 4996.979 111.201
        62     63.0 -8696.557 5092.730 111.129
        63     64.0 -8651.068 4980.401 111.060
        64     65.0 -8636.317 4925.390 110.995
        65     66.0 -8624.260 4935.534 110.931
        66     67.0 -8751.139 4971.026 110.861
        67     68.0 -8726.832 5198.157 110.799
        68     69.0 -8695.686 5010.884 110.742
        69     70.0 -8623.413 5026.419 110.686
        70     71.0 -8872.053 5159.419 110.623
        71     72.0 -8621.205 5000.336 110.564
        72     73.0 -8624.184 5152.022 110.504
        73     74.0 -8651.134 5051.526 110.452
        74     75.0 -8660.654 5162.512 110.402
        75     76.0 -8684.514 5035.683 110.353
        76     77.0 -8680.850 5136.990 110.308
        77     78.0 -8675.529 5004.192 110.263
        78     79.0 -8731.171 5099.839 110.219
        79     80.0 -8661.930 5102.624 110.176
        80     81.0 -8798.723 5137.419 110.135
        81     82.0 -8641.136 4984.786 110.095
        82     83.0 -8764.264 5138.358 110.056
        83     84.0 -8746.684 5200.596 110.016
        84     85.0 -8803.932 5099.468 109.978
        85     86.0 -8884.731 5047.562 109.935
        86     87.0 -8801.388 5029.723 109.898
        87     88.0 -8783.407 5100.159 109.701
        88     89.0 -8832.161 4989.225 109.669
        89     90.0 -8784.687 5072.861 109.638
        90     91.0 -8797.458 5087.240 109.606
        91     92.0 -8898.614 5033.514 109.575
        92     93.0 -8974.920 5088.738 109.546
        93     94.0 -8647.078 4984.572 109.518
        94     95.0 -8618.867 5034.725 109.491
        95     96.0 -8726.574 5027.643 109.465
        96     97.0 -8774.644 5118.278 109.437
        97     98.0 -8660.015 5146.726 109.412
        98     99.0 -8784.877 5122.594 109.388
        99    100.0 -8782.009 5088.217 109.363
