# iteration | simulation time (ps) | potential_energy (kT) | kinetic_energy (kT) | ns per day
         0      1.0 -7622.599 5415.687 63.956
         1      2.0 -7873.342 5421.028 63.920
         2      3.0 -7956.485 5478.701 63.900
         3      4.0 -8007.272 5452.408 63.938
         4      5.0 -8186.524 5539.787 63.281
         5      6.0 -8166.784 5366.892 63.371
         6      7.0 -8329.586 5429.429 63.441
         7      8.0 -8244.442 5396.403 63.488
         8      9.0 -8343.931 5413.723 63.523
         9     10.0 -8309.493 5493.915 63.555
        10     11.0 -8459.108 5492.448 63.579
        11     12.0 -8340.192 5488.975 63.583
        12     13.0 -8596.925 5422.845 63.583
        13     14.0 -8288.027 5396.299 63.585
        14     15.0 -8278.148 5509.662 63.598
        15     16.0 -8488.104 5541.713 63.617
        16     17.0 -8540.596 5470.404 63.628
        17     18.0 -8398.194 5373.680 63.639
        18     19.0 -8500.870 5392.464 63.644
        19     20.0 -8716.422 5547.285 63.654
        20     21.0 -8639.458 5425.914 63.660
        21     22.0 -8725.243 5411.606 63.675
        22     23.0 -8633.189 5573.011 63.674
        23     24.0 -8632.595 5287.666 63.682
        24     25.0 -8673.007 5357.233 63.686
        25     26.0 -8633.107 5382.480 63.691
        26     27.0 -8619.568 5439.585 63.582
        27     28.0 -8673.670 5566.307 63.592
        28     29.0 -8779.975 5506.621 63.598
        29     30.0 -8917.614 5307.991 63.600
        30     31.0 -8708.301 5542.671 63.599
        31     32.0 -8577.790 5329.692 63.598
        32     33.0 -8769.262 5527.744 63.597
        33     34.0 -8818.563 5376.561 63.592
        34     35.0 -8675.848 5526.561 63.586
        35     36.0 -8635.117 5427.721 63.582
        36     37.0 -8661.001 5504.500 63.577
        37     38.0 -8772.976 5508.473 63.572
        38     39.0 -8798.464 5395.263 63.565
        39     40.0 -8565.577 5469.717 63.559
        40     41.0 -8720.929 5482.741 63.552
        41     42.0 -8695.646 5507.000 63.547
        42     43.0 -8815.915 5547.795 63.543
        43     44.0 -8692.981 5266.869 63.536
        44     45.0 -8830.506 5399.731 63.530
        45     46.0 -8854.180 5503.868 63.525
        46     47.0 -8808.954 5555.891 63.521
        47     48.0 -8816.258 5518.361 63.518
        48     49.0 -8764.124 5457.484 63.515
        49     50.0 -8786.882 5437.925 63.449
        50     51.0 -8850.204 5422.964 63.446
        51     52.0 -8801.855 5427.078 63.442
        52     53.0 -8936.830 5434.749 63.437
        53     54.0 -8844.410 5431.555 63.432
        54     55.0 -8777.957 5459.233 63.427
        55     56.0 -8909.780 5507.008 63.422
        56     57.0 -8769.682 5520.433 63.418
        57     58.0 -8884.567 5456.787 63.415
        58     59.0 -8771.377 5400.789 63.409
        59     60.0 -8830.775 5375.582 63.403
        60     61.0 -8897.982 5430.998 63.397
        61     62.0 -8811.446 5521.308 63.392
        62     63.0 -8863.162 5644.857 63.385
        63     64.0 -8877.675 5489.166 63.375
        64     65.0 -8949.995 5402.140 63.368
        65     66.0 -8786.895 5319.185 63.364
        66     67.0 -8976.828 5584.182 63.361
        67     68.0 -8790.418 5586.052 63.359
        68     69.0 -8929.344 5368.258 63.355
        69     70.0 -8884.096 5350.057 63.351
        70     71.0 -8979.121 5405.574 63.348
        71     72.0 -8986.401 5481.826 63.301
        72     73.0 -8987.167 5435.914 63.299
        73     74.0 -8897.659 5519.926 63.296
        74     75.0 -8892.604 5445.759 63.295
        75     76.0 -8784.535 5571.076 63.294
        76     77.0 -8920.185 5509.388 63.292
        77     78.0 -8830.203 5571.137 63.289
        78     79.0 -9088.507 5415.521 63.287
        79     80.0 -9031.706 5365.654 63.282
        80     81.0 -9083.360 5417.564 63.280
        81     82.0 -9009.218 5410.368 63.279
        82     83.0 -9092.656 5436.267 63.277
        83     84.0 -8941.996 5413.291 63.273
        84     85.0 -8900.543 5437.903 63.272
        85     86.0 -9041.405 5268.691 63.270
        86     87.0 -9001.637 5461.656 63.269
        87     88.0 -8989.835 5336.842 63.266
        88     89.0 -9099.364 5525.808 63.263
        89     90.0 -8937.926 5583.227 63.262
        90     91.0 -9124.923 5392.487 63.261
        91     92.0 -8916.258 5440.519 63.259
        92     93.0 -9026.372 5540.141 63.257
        93     94.0 -8939.247 5367.330 63.222
        94     95.0 -9034.739 5437.386 63.221
        95     96.0 -9042.923 5286.188 63.219
        96     97.0 -8967.574 5440.788 63.218
        97     98.0 -9049.387 5483.001 63.216
        98     99.0 -9044.502 5437.789 63.216
        99    100.0 -9034.213 5259.671 63.214
