# iteration | simulation time (ps) | potential_energy (kT) | kinetic_energy (kT) | ns per day
         0      1.0 -7851.896 5489.481 62.375
         1      2.0 -8268.058 5408.504 62.429
         2      3.0 -8291.207 5414.039 62.386
         3      4.0 -8333.709 5462.379 62.364
         4      5.0 -8526.446 5476.445 62.366
         5      6.0 -8476.438 5416.275 62.353
         6      7.0 -8454.543 5409.742 62.348
         7      8.0 -8399.815 5516.362 62.379
         8      9.0 -8382.728 5466.518 62.454
         9     10.0 -8530.410 5496.095 62.513
        10     11.0 -8512.170 5565.458 62.565
        11     12.0 -8670.333 5445.817 62.605
        12     13.0 -8626.997 5498.410 62.641
        13     14.0 -8605.966 5419.744 62.433
        14     15.0 -8393.060 5561.793 62.473
        15     16.0 -8597.495 5416.768 62.507
        16     17.0 -8689.951 5532.217 62.544
        17     18.0 -8622.706 5494.177 62.573
        18     19.0 -8686.250 5419.718 62.599
        19     20.0 -8653.914 5296.331 62.628
        20     21.0 -8722.721 5420.969 62.648
        21     22.0 -8608.941 5426.895 62.665
        22     23.0 -8668.602 5298.460 62.685
        23     24.0 -8545.817 5452.292 62.700
        24     25.0 -8557.319 5414.656 62.715
        25     26.0 -8685.665 5389.552 62.721
        26     27.0 -8720.505 5394.861 62.730
        27     28.0 -8790.419 5370.274 62.760
        28     29.0 -8808.065 5426.406 62.796
        29     30.0 -8789.972 5435.017 62.828
        30     31.0 -8611.346 5431.392 62.860
        31     32.0 -8559.867 5397.686 62.889
        32     33.0 -8714.759 5459.417 62.919
        33     34.0 -8731.522 5457.460 62.945
        34     35.0 -8721.080 5419.496 62.970
        35     36.0 -8855.218 5500.586 62.912
        36     37.0 -8813.744 5409.640 62.936
        37     38.0 -8785.863 5358.735 62.958
        38     39.0 -8620.284 5513.809 62.980
        39     40.0 -8636.111 5459.752 63.000
        40     41.0 -8765.549 5439.532 63.020
        41     42.0 -8735.616 5519.955 63.038
        42     43.0 -8733.198 5470.199 63.060
        43     44.0 -8635.566 5440.762 63.076
        44     45.0 -8725.790 5547.675 63.092
        45     46.0 -8703.259 5495.382 63.107
        46     47.0 -8787.423 5403.732 63.122
        47     48.0 -8721.681 5370.809 63.136
        48     49.0 -8737.629 5365.116 63.150
        49     50.0 -8818.760 5374.310 63.162
        50     51.0 -8833.989 5378.580 63.176
        51     52.0 -8904.786 5372.586 63.188
        52     53.0 -8750.207 5492.177 63.200
        53     54.0 -8877.497 5575.924 63.211
        54     55.0 -8891.040 5381.365 63.222
        55     56.0 -8969.471 5419.718 63.233
        56     57.0 -8953.598 5342.758 63.243
        57     58.0 -8938.013 5405.585 63.253
        58     59.0 -8960.232 5407.233 63.214
        59     60.0 -8918.095 5371.680 63.219
        60     61.0 -9031.878 5398.109 63.216
        61     62.0 -8896.586 5346.110 63.214
        62     63.0 -8972.615 5382.336 63.211
        63     64.0 -9042.314 5379.837 63.208
        64     65.0 -9024.372 5357.044 63.206
        65     66.0 -8879.346 5426.259 63.204
        66     67.0 -8942.337 5485.608 63.202
        67     68.0 -9008.459 5392.912 63.199
        68     69.0 -8829.504 5366.314 63.199
        69     70.0 -8863.650 5476.630 63.197
        70     71.0 -8868.250 5403.847 63.195
        71     72.0 -8852.965 5496.220 63.193
        72     73.0 -8943.290 5297.406 63.191
        73     74.0 -9093.807 5543.730 63.189
        74     75.0 -8759.270 5481.946 63.187
        75     76.0 -8918.100 5417.220 63.185
        76     77.0 -8888.458 5446.843 63.184
        77     78.0 -8903.087 5333.852 63.182
        78     79.0 -8883.056 5414.424 63.180
        79     80.0 -8990.246 5383.272 63.179
        80     81.0 -9066.798 5457.753 63.142
        81     82.0 -8954.447 5447.678 63.141
        82     83.0 -8846.807 5351.222 63.140
        83     84.0 -9046.916 5238.919 63.140
        84     85.0 -9036.287 5612.650 63.139
        85     86.0 -8951.305 5397.897 63.138
        86     87.0 -8796.400 5419.425 63.137
        87     88.0 -8874.252 5325.110 63.136
        88     89.0 -9051.318 5365.492 63.135
        89     90.0 -9041.198 5350.106 63.134
        90     91.0 -8970.014 5568.888 63.134
        91     92.0 -9055.964 5595.708 63.133
        92     93.0 -8931.682 5465.126 63.133
        93     94.0 -9024.436 5387.128 63.132
        94     95.0 -8944.836 5514.842 63.131
        95     96.0 -9007.354 5385.564 63.131
        96     97.0 -8959.845 5455.649 63.130
        97     98.0 -8941.645 5487.541 63.129
        98     99.0 -9049.318 5267.047 63.128
        99    100.0 -9049.840 5412.870 63.128
