# iteration | simulation time (ps) | potential_energy (kT) | kinetic_energy (kT) | ns per day
         0      1.0 -10053.534 5382.422 105.860
         1      2.0 -10066.306 5350.248 105.491
         2      3.0 -10044.193 5355.304 105.339
         3      4.0 -10283.795 5452.092 105.228
         4      5.0 -10215.610 5531.426 105.177
         5      6.0 -10224.621 5287.513 105.145
         6      7.0 -10280.767 5375.359 105.121
         7      8.0 -10200.838 5357.153 105.084
         8      9.0 -10314.903 5549.572 105.072
         9     10.0 -10229.763 5380.880 105.052
        10     11.0 -10342.412 5306.586 104.967
        11     12.0 -10336.568 5344.563 104.941
        12     13.0 -10312.066 5399.921 104.901
        13     14.0 -10378.347 5417.294 104.838
        14     15.0 -10379.919 5547.793 104.799
        15     16.0 -10383.595 5398.885 104.082
        16     17.0 -10471.699 5397.731 104.094
        17     18.0 -10444.817 5463.475 104.077
        18     19.0 -10347.402 5425.090 104.049
        19     20.0 -10442.938 5391.568 104.032
        20     21.0 -10359.434 5318.162 104.026
        21     22.0 -10430.314 5198.020 104.001
        22     23.0 -10305.304 5377.010 103.992
        23     24.0 -10312.484 5349.667 103.977
        24     25.0 -10506.373 5416.820 103.961
        25     26.0 -10326.354 5394.999 103.941
        26     27.0 -10456.672 5367.240 103.934
        27     28.0 -10454.482 5449.271 103.917
        28     29.0 -10423.407 5385.034 103.904
        29     30.0 -10431.210 5505.304 103.895
        30     31.0 -10349.669 5469.837 103.884
        31     32.0 -10302.284 5420.516 103.871
        32     33.0 -10419.413 5394.491 103.866
        33     34.0 -10312.985 5366.408 103.854
        34     35.0 -10410.980 5431.701 103.846
        35     36.0 -10214.234 5402.059 103.835
        36     37.0 -10425.126 5400.805 103.828
        37     38.0 -10460.178 5266.891 103.579
        38     39.0 -10429.034 5407.027 103.566
        39     40.0 -10525.654 5344.770 103.545
        40     41.0 -10513.325 5507.765 103.511
        41     42.0 -10466.121 5359.474 103.476
        42     43.0 -10440.827 5445.137 103.457
        43     44.0 -10498.427 5406.010 103.424
        44     45.0 -10354.443 5179.925 103.396
        45     46.0 -10498.262 5428.831 103.365
        46     47.0 -10485.587 5328.320 103.338
        47     48.0 -10435.344 5378.619 103.310
        48     49.0 -10457.927 5376.956 103.286
        49     50.0 -10527.443 5419.230 103.262
        50     51.0 -10468.257 5097.966 103.246
        51     52.0 -10598.549 5436.154 103.223
        52     53.0 -10534.834 5380.706 103.203
        53     54.0 -10471.989 5461.580 103.181
        54     55.0 -10432.510 5462.602 103.161
        55     56.0 -10507.116 5385.651 103.141
        56     57.0 -10410.166 5280.813 103.123
        57     58.0 -10531.009 5437.084 103.105
        58     59.0 -10572.550 5408.768 103.088
        59     60.0 -10521.603 5331.348 103.071
        60     61.0 -10591.257 5339.880 102.903
        61     62.0 -10496.518 5419.492 102.896
        62     63.0 -10520.059 5429.001 102.883
        63     64.0 -10589.294 5478.257 102.872
        64     65.0 -10649.458 5413.696 102.860
        65     66.0 -10567.015 5440.232 102.850
        66     67.0 -10444.582 5354.562 102.839
        67     68.0 -10542.556 5380.710 102.829
        68     69.0 -10618.032 5248.945 102.819
        69     70.0 -10600.710 5489.585 102.810
        70     71.0 -10470.811 5443.393 102.800
        71     72.0 -10549.790 5503.143 102.791
        72     73.0 -10438.154 5401.799 102.782
        73     74.0 -10567.700 5256.548 102.774
        74     75.0 -10534.251 5535.505 102.762
        75     76.0 -10507.716 5443.711 102.735
        76     77.0 -10712.947 5479.785 102.708
        77     78.0 -10511.569 5379.385 102.683
        78     79.0 -10536.704 5439.600 102.658
        79     80.0 -10659.061 5401.794 102.634
        80     81.0 -10521.677 5369.388 102.609
        81     82.0 -10569.013 5343.276 102.587
        82     83.0 -10708.793 5502.210 102.457
        83     84.0 -10659.701 5346.529 102.448
        84     85.0 -10579.226 5413.472 102.424
        85     86.0 -10692.888 5329.754 102.404
        86     87.0 -10674.086 5439.206 102.384
        87     88.0 -10619.040 5432.382 102.365
        88     89.0 -10582.522 5342.940 102.346
        89     90.0 -10739.831 5347.807 102.328
        90     91.0 -10707.975 5434.597 102.310
        91     92.0 -10668.126 5383.824 102.293
        92     93.0 -10561.929 5371.323 102.276
        93     94.0 -10660.880 5417.737 102.259
        94     95.0 -10668.999 5437.442 102.243
        95     96.0 -10602.696 5437.250 102.227
        96     97.0 -10690.095 5495.686 102.211
        97     98.0 -10628.263 5443.213 102.197
        98     99.0 -10648.469 5409.270 102.181
        99    100.0 -10739.816 5344.720 102.167
