# iteration | simulation time (ps) | potential_energy (kT) | kinetic_energy (kT) | ns per day
         0      1.0 -7925.963 5486.252 101.802
         1      2.0 -7915.597 5395.641 101.955
         2      3.0 -8158.329 5223.029 101.889
         3      4.0 -8409.708 5406.320 101.948
         4      5.0 -8492.802 5490.337 101.961
         5      6.0 -8355.723 5564.117 101.902
         6      7.0 -8463.804 5425.616 101.898
         7      8.0 -8488.500 5498.536 101.923
         8      9.0 -8373.949 5507.610 101.881
         9     10.0 -8389.599 5465.547 100.801
        10     11.0 -8490.276 5366.135 100.851
        11     12.0 -8598.068 5445.116 100.889
        12     13.0 -8533.890 5494.498 100.911
        13     14.0 -8528.723 5320.428 100.928
        14     15.0 -8572.445 5385.994 100.945
        15     16.0 -8558.230 5568.622 100.949
        16     17.0 -8604.402 5346.061 100.950
        17     18.0 -8728.098 5389.195 100.952
        18     19.0 -8537.779 5345.093 100.912
        19     20.0 -8619.247 5477.989 100.888
        20     21.0 -8777.937 5308.012 100.869
        21     22.0 -8721.716 5407.467 100.843
        22     23.0 -8890.771 5599.374 100.837
        23     24.0 -8754.143 5421.420 100.817
        24     25.0 -8812.847 5470.148 100.805
        25     26.0 -8784.370 5472.056 100.787
        26     27.0 -8817.638 5530.557 100.771
        27     28.0 -8861.638 5447.327 100.757
        28     29.0 -8924.189 5460.847 100.746
        29     30.0 -8614.497 5461.596 100.741
        30     31.0 -8834.680 5392.704 100.471
        31     32.0 -8756.301 5386.302 99.742
        32     33.0 -8710.725 5387.213 99.439
        33     34.0 -8733.616 5515.240 99.165
        34     35.0 -8845.976 5381.031 98.899
        35     36.0 -8787.456 5492.480 98.641
        36     37.0 -8918.259 5527.615 98.389
        37     38.0 -8837.932 5513.048 98.161
        38     39.0 -8893.541 5380.073 97.948
        39     40.0 -8823.339 5489.533 97.744
        40     41.0 -8777.843 5444.972 97.549
        41     42.0 -8803.434 5578.644 97.366
        42     43.0 -8886.114 5422.617 97.193
        43     44.0 -8764.827 5530.822 97.026
        44     45.0 -8699.632 5404.146 96.881
        45     46.0 -8861.830 5441.003 96.743
        46     47.0 -8658.381 5395.572 96.611
        47     48.0 -8787.202 5428.734 96.482
        48     49.0 -8699.260 5469.443 96.362
        49     50.0 -8852.298 5436.954 96.238
        50     51.0 -8749.502 5390.833 96.123
        51     52.0 -8941.414 5418.370 96.016
        52     53.0 -8810.778 5452.316 95.907
        53     54.0 -8808.160 5305.039 95.596
        54     55.0 -8833.163 5398.159 95.499
        55     56.0 -8822.077 5418.761 95.402
        56     57.0 -8844.934 5402.076 95.312
        57     58.0 -8778.839 5463.029 95.222
        58     59.0 -9017.622 5517.652 95.138
        59     60.0 -8806.429 5281.009 95.055
        60     61.0 -8951.315 5439.684 94.984
        61     62.0 -8766.260 5566.338 94.915
        62     63.0 -8970.588 5427.956 94.849
        63     64.0 -8784.667 5395.507 94.785
        64     65.0 -9036.107 5508.732 94.722
        65     66.0 -8942.713 5490.875 94.659
        66     67.0 -8885.054 5483.929 94.594
        67     68.0 -8895.860 5410.186 94.529
        68     69.0 -8987.848 5512.132 94.469
        69     70.0 -8788.072 5379.599 94.408
        70     71.0 -9000.104 5412.239 94.351
        71     72.0 -8955.450 5521.121 94.293
        72     73.0 -8986.008 5538.543 94.239
        73     74.0 -9089.925 5343.947 94.185
        74     75.0 -8942.709 5359.728 94.134
        75     76.0 -8981.365 5397.109 93.944
        76     77.0 -9006.132 5483.584 93.900
        77     78.0 -9084.731 5425.991 93.859
        78     79.0 -9005.093 5441.869 93.821
        79     80.0 -9044.693 5409.496 93.778
        80     81.0 -8956.307 5495.545 93.742
        81     82.0 -8998.069 5410.368 93.700
        82     83.0 -9078.198 5260.551 93.660
        83     84.0 -9020.142 5366.776 93.620
        84     85.0 -9082.248 5449.355 93.581
        85     86.0 -8974.326 5387.291 93.543
        86     87.0 -8922.033 5448.150 93.506
        87     88.0 -8937.231 5458.949 93.470
        88     89.0 -8851.717 5504.632 93.435
        89     90.0 -9048.087 5422.482 93.401
        90     91.0 -8879.618 5458.313 93.367
        91     92.0 -8978.847 5467.753 93.334
        92     93.0 -8939.651 5438.035 93.302
        93     94.0 -9100.835 5333.700 93.271
        94     95.0 -9033.794 5370.300 93.242
        95     96.0 -8913.639 5424.324 93.212
        96     97.0 -8928.078 5472.129 93.184
        97     98.0 -9107.858 5394.160 93.043
        98     99.0 -9111.832 5298.970 93.017
        99    100.0 -9178.818 5481.406 92.990
