# iteration | simulation time (ps) | potential_energy (kT) | kinetic_energy (kT) | ns per day
         0      1.0 -8737.987 5411.552 105.058
         1      2.0 -8783.577 5376.189 104.659
         2      3.0 -8904.387 5536.169 104.622
         3      4.0 -9020.310 5438.069 104.468
         4      5.0 -8955.189 5434.080 104.465
         5      6.0 -9022.610 5395.222 104.395
         6      7.0 -9070.271 5497.811 102.139
         7      8.0 -9129.759 5355.282 102.407
         8      9.0 -8995.516 5449.747 102.633
         9     10.0 -9111.851 5341.409 102.759
        10     11.0 -9071.438 5458.189 102.856
        11     12.0 -9074.542 5591.874 102.934
        12     13.0 -9225.870 5413.226 103.043
        13     14.0 -9083.204 5468.775 103.175
        14     15.0 -9194.899 5428.970 103.209
        15     16.0 -9215.410 5468.239 103.270
        16     17.0 -9285.737 5439.841 103.311
        17     18.0 -9430.352 5330.425 103.320
        18     19.0 -9256.876 5438.565 103.332
        19     20.0 -9151.501 5535.153 103.385
        20     21.0 -9365.239 5307.999 103.403
        21     22.0 -9240.085 5498.714 103.404
        22     23.0 -9232.746 5499.613 103.403
        23     24.0 -9174.661 5502.610 103.404
        24     25.0 -9328.275 5482.899 103.397
        25     26.0 -9386.962 5433.179 103.395
        26     27.0 -9270.944 5362.690 103.391
        27     28.0 -9415.866 5487.900 103.388
        28     29.0 -9298.495 5439.813 102.958
        29     30.0 -9322.380 5543.778 102.976
        30     31.0 -9255.653 5482.452 103.000
        31     32.0 -9223.706 5388.821 103.018
        32     33.0 -9244.926 5401.436 103.019
        33     34.0 -9290.913 5414.565 103.042
        34     35.0 -9355.805 5527.778 103.057
        35     36.0 -9357.020 5441.638 103.063
        36     37.0 -9453.928 5415.643 103.072
        37     38.0 -9364.898 5536.419 103.085
        38     39.0 -9350.913 5366.893 103.084
        39     40.0 -9343.860 5466.386 103.093
        40     41.0 -9267.929 5463.829 103.093
        41     42.0 -9266.733 5437.839 103.094
        42     43.0 -9307.060 5405.724 103.091
        43     44.0 -9395.786 5423.838 103.092
        44     45.0 -9453.311 5404.223 103.088
        45     46.0 -9253.997 5484.727 103.090
        46     47.0 -9444.904 5278.743 103.088
        47     48.0 -9397.332 5465.433 103.089
        48     49.0 -9301.977 5480.557 103.081
        49     50.0 -9383.903 5520.209 103.080
        50     51.0 -9546.410 5418.682 102.764
        51     52.0 -9401.615 5404.020 102.765
        52     53.0 -9343.178 5395.110 102.765
        53     54.0 -9471.437 5381.370 102.770
        54     55.0 -9363.029 5438.091 102.772
        55     56.0 -9422.104 5606.123 102.778
        56     57.0 -9373.518 5446.803 102.781
        57     58.0 -9363.798 5431.713 102.781
        58     59.0 -9415.078 5407.839 102.784
        59     60.0 -9510.435 5413.853 102.786
        60     61.0 -9302.362 5418.494 102.777
        61     62.0 -9343.885 5524.043 102.776
        62     63.0 -9303.369 5477.262 102.767
        63     64.0 -9378.532 5330.406 102.756
        64     65.0 -9385.779 5383.541 102.751
        65     66.0 -9447.111 5412.553 102.744
        66     67.0 -9282.189 5350.769 102.735
        67     68.0 -9398.579 5455.645 102.729
        68     69.0 -9388.109 5500.437 102.720
        69     70.0 -9289.884 5487.998 102.712
        70     71.0 -9327.429 5493.055 102.704
        71     72.0 -9501.240 5437.577 102.695
        72     73.0 -9443.713 5324.252 102.512
        73     74.0 -9620.560 5423.907 102.526
        74     75.0 -9490.661 5462.942 102.517
        75     76.0 -9637.486 5445.356 102.512
        76     77.0 -9421.156 5541.566 102.505
        77     78.0 -9592.179 5339.209 102.501
        78     79.0 -9522.031 5408.418 102.491
        79     80.0 -9528.358 5526.152 102.489
        80     81.0 -9490.367 5459.482 102.480
        81     82.0 -9374.905 5511.463 102.475
        82     83.0 -9469.057 5517.349 102.466
        83     84.0 -9395.250 5459.039 102.459
        84     85.0 -9685.577 5408.641 102.453
        85     86.0 -9525.397 5386.032 102.447
        86     87.0 -9492.469 5235.580 102.439
        87     88.0 -9545.461 5540.006 102.437
        88     89.0 -9469.508 5402.256 102.429
        89     90.0 -9563.359 5446.729 102.427
        90     91.0 -9433.250 5372.144 102.422
        91     92.0 -9454.091 5344.182 102.418
        92     93.0 -9448.957 5447.579 102.416
        93     94.0 -9501.787 5472.374 102.411
        94     95.0 -9476.381 5449.758 102.279
        95     96.0 -9483.277 5427.828 102.273
        96     97.0 -9462.218 5419.087 102.270
        97     98.0 -9514.928 5476.949 102.270
        98     99.0 -9576.952 5414.725 102.271
        99    100.0 -9485.685 5405.026 102.255
