# iteration | simulation time (ps) | potential_energy (kT) | kinetic_energy (kT) | ns per day
         0      1.0 -9026.836 5507.145 99.038
         1      2.0 -9462.245 5392.537 100.531
         2      3.0 -9378.640 5519.366 101.022
         3      4.0 -9443.437 5400.790 101.301
         4      5.0 -9554.355 5269.184 101.449
         5      6.0 -9600.252 5588.785 101.565
         6      7.0 -9689.433 5347.850 101.630
         7      8.0 -9731.557 5500.079 101.688
         8      9.0 -9683.267 5398.420 100.409
         9     10.0 -9614.332 5352.732 100.528
        10     11.0 -9683.163 5465.194 100.534
        11     12.0 -9831.222 5503.287 100.550
        12     13.0 -9636.296 5462.440 100.555
        13     14.0 -9768.817 5314.804 100.566
        14     15.0 -9877.904 5403.276 100.571
        15     16.0 -9927.813 5329.023 100.582
        16     17.0 -9791.102 5423.588 100.585
        17     18.0 -9834.198 5185.592 100.595
        18     19.0 -9993.703 5416.579 100.598
        19     20.0 -9952.852 5349.906 100.606
        20     21.0 -10052.757 5352.488 100.607
        21     22.0 -9913.586 5377.253 100.613
        22     23.0 -9905.009 5320.244 100.615
        23     24.0 -10002.332 5477.057 100.619
        24     25.0 -10018.611 5432.630 100.620
        25     26.0 -9910.021 5351.415 100.625
        26     27.0 -9937.792 5296.918 100.625
        27     28.0 -9955.348 5454.732 100.630
        28     29.0 -9934.778 5401.028 100.629
        29     30.0 -9864.365 5369.989 100.633
        30     31.0 -9923.708 5385.590 100.632
        31     32.0 -10073.337 5541.885 100.288
        32     33.0 -9988.894 5490.756 100.324
        33     34.0 -10046.402 5305.835 100.334
        34     35.0 -10095.514 5345.627 100.345
        35     36.0 -9951.070 5369.958 100.350
        36     37.0 -9952.238 5322.780 100.259
        37     38.0 -10021.987 5281.853 100.156
        38     39.0 -9868.183 5357.353 100.060
        39     40.0 -10042.751 5346.572 99.967
        40     41.0 -10075.082 5495.591 99.881
        41     42.0 -10120.976 5367.984 99.798
        42     43.0 -9938.061 5465.411 99.720
        43     44.0 -10067.610 5417.689 99.644
        44     45.0 -9958.726 5607.519 99.574
        45     46.0 -10056.309 5387.455 99.506
        46     47.0 -10230.826 5506.957 99.442
        47     48.0 -9954.926 5312.983 99.378
        48     49.0 -9991.030 5254.006 99.318
        49     50.0 -10180.243 5313.510 99.257
        50     51.0 -10159.133 5431.019 99.173
        51     52.0 -10159.289 5440.724 99.092
        52     53.0 -10002.841 5447.949 99.015
        53     54.0 -10187.776 5421.792 98.724
        54     55.0 -10150.439 5399.597 98.656
        55     56.0 -10126.702 5300.679 98.589
        56     57.0 -9978.694 5258.464 98.526
        57     58.0 -10206.493 5261.834 98.465
        58     59.0 -10116.025 5327.288 98.407
        59     60.0 -10149.219 5340.263 98.349
        60     61.0 -10184.082 5355.682 98.295
        61     62.0 -10015.055 5519.241 98.241
        62     63.0 -10185.411 5423.269 98.190
        63     64.0 -10149.335 5417.533 98.140
        64     65.0 -10069.132 5378.335 98.093
        65     66.0 -10158.170 5358.639 98.045
        66     67.0 -10258.525 5290.225 98.000
        67     68.0 -10086.308 5403.244 97.956
        68     69.0 -10094.832 5406.193 97.914
        69     70.0 -10118.929 5279.590 97.873
        70     71.0 -10147.712 5336.210 97.834
        71     72.0 -10269.277 5303.139 97.794
        72     73.0 -9997.150 5338.482 97.757
        73     74.0 -10227.457 5360.957 97.720
        74     75.0 -10208.277 5406.733 97.684
        75     76.0 -10145.403 5342.858 97.505
        76     77.0 -10265.961 5393.127 97.473
        77     78.0 -10241.035 5427.928 97.441
        78     79.0 -10268.959 5413.395 97.412
        79     80.0 -10245.571 5306.844 97.382
        80     81.0 -10209.115 5337.692 97.354
        81     82.0 -10267.117 5355.725 97.325
        82     83.0 -10268.954 5441.420 97.299
        83     84.0 -10331.649 5396.914 97.272
        84     85.0 -10210.946 5402.105 97.246
        85     86.0 -10336.007 5538.512 97.221
        86     87.0 -10309.896 5376.497 97.196
        87     88.0 -10290.429 5566.198 97.171
        88     89.0 -10260.666 5340.823 97.148
        89     90.0 -10323.714 5307.271 97.125
        90     91.0 -10246.670 5448.911 97.103
        91     92.0 -10217.157 5324.789 97.081
        92     93.0 -10291.081 5374.154 97.059
        93     94.0 -10342.233 5445.053 97.037
        94     95.0 -10212.055 5411.006 97.018
        95     96.0 -10395.387 5265.517 96.998
        96     97.0 -10302.884 5362.667 96.979
        97     98.0 -10295.393 5468.682 96.877
        98     99.0 -10139.632 5394.351 96.860
        99    100.0 -10040.986 5445.245 96.841
