# iteration | simulation time (ps) | potential_energy (kT) | kinetic_energy (kT) | ns per day
         0      1.0 -7688.568 5349.027 102.185
         1      2.0 -7906.718 5496.638 101.262
         2      3.0 -8125.979 5435.385 100.928
         3      4.0 -7986.348 5515.545 100.814
         4      5.0 -8341.563 5525.428 100.690
         5      6.0 -8268.095 5436.038 100.689
         6      7.0 -8183.083 5470.856 100.471
         7      8.0 -8381.179 5466.326 99.244
         8      9.0 -8311.807 5559.558 98.138
         9     10.0 -8292.564 5428.986 96.033
        10     11.0 -8393.323 5484.918 95.483
        11     12.0 -8295.412 5480.548 95.005
        12     13.0 -8463.612 5442.994 94.618
        13     14.0 -8457.015 5444.521 94.271
        14     15.0 -8568.936 5521.914 93.989
        15     16.0 -8424.321 5457.445 93.749
        16     17.0 -8451.977 5465.837 93.547
        17     18.0 -8564.126 5425.004 93.360
        18     19.0 -8600.780 5418.583 93.199
        19     20.0 -8478.164 5387.066 93.051
        20     21.0 -8514.138 5384.388 92.924
        21     22.0 -8548.943 5416.797 92.804
        22     23.0 -8394.312 5444.415 92.699
        23     24.0 -8582.170 5507.844 92.597
        24     25.0 -8629.733 5512.566 92.507
        25     26.0 -8413.868 5441.466 92.414
        26     27.0 -8530.656 5506.529 92.339
        27     28.0 -8612.274 5371.669 92.235
        28     29.0 -8619.034 5377.644 92.170
        29     30.0 -8629.348 5419.254 92.108
        30     31.0 -8609.673 5439.187 92.053
        31     32.0 -8589.203 5405.801 91.636
        32     33.0 -8735.458 5525.100 91.591
        33     34.0 -8502.513 5453.747 91.545
        34     35.0 -8470.347 5464.659 91.354
        35     36.0 -8579.452 5411.877 91.323
        36     37.0 -8589.867 5484.812 91.299
        37     38.0 -8594.495 5405.531 91.273
        38     39.0 -8722.008 5515.032 91.252
        39     40.0 -8813.478 5472.809 91.206
        40     41.0 -8803.231 5572.292 91.178
        41     42.0 -8638.647 5412.577 91.148
        42     43.0 -8887.465 5515.277 91.130
        43     44.0 -8654.873 5448.807 91.112
        44     45.0 -8635.354 5492.609 91.097
        45     46.0 -8719.906 5391.341 91.080
        46     47.0 -8856.896 5470.867 91.066
        47     48.0 -8792.396 5292.818 91.050
        48     49.0 -8581.908 5413.097 91.037
        49     50.0 -8864.957 5390.842 91.022
        50     51.0 -8727.220 5551.325 91.004
        51     52.0 -8846.198 5580.732 90.972
        52     53.0 -8799.248 5515.072 90.959
        53     54.0 -8757.867 5505.124 90.738
        54     55.0 -8767.994 5461.092 90.728
        55     56.0 -8822.149 5425.455 90.718
        56     57.0 -8753.582 5466.888 90.708
        57     58.0 -8917.687 5554.438 90.696
        58     59.0 -8789.851 5514.267 90.690
        59     60.0 -8738.767 5392.489 90.684
        60     61.0 -8760.661 5398.427 90.680
        61     62.0 -8700.815 5400.275 90.673
        62     63.0 -8736.704 5409.757 90.668
        63     64.0 -8699.767 5586.218 90.657
        64     65.0 -8792.662 5326.743 90.648
        65     66.0 -8844.849 5389.931 90.638
        66     67.0 -8881.778 5463.314 90.634
        67     68.0 -8778.473 5452.696 90.629
        68     69.0 -8862.802 5489.448 90.625
        69     70.0 -8828.102 5252.483 90.621
        70     71.0 -8919.129 5501.767 90.618
        71     72.0 -8818.519 5392.824 90.611
        72     73.0 -8801.201 5336.324 90.605
        73     74.0 -8949.371 5411.181 90.600
        74     75.0 -8890.887 5408.520 90.596
        75     76.0 -8849.686 5414.977 90.436
        76     77.0 -8849.064 5439.671 90.433
        77     78.0 -8825.188 5492.627 90.429
        78     79.0 -8711.512 5342.976 90.428
        79     80.0 -8907.618 5483.578 90.425
        80     81.0 -8834.255 5370.711 90.422
        81     82.0 -8694.995 5369.867 90.409
        82     83.0 -8884.939 5533.790 90.409
        83     84.0 -8619.491 5364.979 90.408
        84     85.0 -8716.063 5290.476 90.408
        85     86.0 -8805.277 5389.100 90.406
        86     87.0 -8859.723 5474.637 90.406
        87     88.0 -8869.401 5552.408 90.404
        88     89.0 -8956.626 5418.047 90.400
        89     90.0 -8850.240 5466.920 90.398
        90     91.0 -8875.462 5461.430 90.398
        91     92.0 -9013.212 5407.787 90.395
        92     93.0 -8840.204 5612.088 90.396
        93     94.0 -8967.592 5443.404 90.392
        94     95.0 -8958.321 5433.661 90.392
        95     96.0 -8837.483 5453.784 90.381
        96     97.0 -8852.388 5344.391 90.376
        97     98.0 -8883.224 5469.392 90.237
        98     99.0 -8780.454 5444.620 90.239
        99    100.0 -8811.376 5392.332 90.239
