# iteration | simulation time (ps) | potential_energy (kT) | kinetic_energy (kT) | ns per day
         0      1.0 -5961.075 4985.759 111.180
         1      2.0 -6148.392 5161.563 113.224
         2      3.0 -6191.392 5074.030 114.156
         3      4.0 -6244.477 4908.591 114.428
         4      5.0 -6375.898 5052.758 114.615
         5      6.0 -6317.876 4890.511 114.701
         6      7.0 -6428.572 5105.979 114.794
         7      8.0 -6476.482 5129.716 114.814
         8      9.0 -6421.999 5080.722 113.034
         9     10.0 -6421.444 5095.529 112.534
        10     11.0 -6458.760 5055.290 111.617
        11     12.0 -6447.108 5105.817 110.893
        12     13.0 -6561.221 5072.941 110.279
        13     14.0 -6601.490 5194.138 109.750
        14     15.0 -6520.728 4997.982 109.304
        15     16.0 -6643.414 5132.502 108.907
        16     17.0 -6524.303 5099.775 108.567
        17     18.0 -6595.608 5040.975 108.256
        18     19.0 -6673.497 4997.581 107.988
        19     20.0 -6690.931 4885.563 107.748
        20     21.0 -6688.763 5041.788 107.518
        21     22.0 -6637.667 5070.936 107.325
        22     23.0 -6700.962 5017.154 107.143
        23     24.0 -6576.134 4903.197 106.983
        24     25.0 -6581.153 5048.654 106.838
        25     26.0 -6678.668 4940.649 106.697
        26     27.0 -6659.091 5080.309 106.572
        27     28.0 -6701.244 4943.212 106.447
        28     29.0 -6644.562 4872.333 106.308
        29     30.0 -6651.052 4963.379 106.160
        30     31.0 -6607.349 5040.701 106.032
        31     32.0 -6722.129 5018.706 105.912
        32     33.0 -6747.006 5101.006 105.799
        33     34.0 -6806.051 5088.213 105.701
        34     35.0 -6784.687 5067.114 105.086
        35     36.0 -6767.061 5052.755 105.038
        36     37.0 -6760.403 5032.234 104.991
        37     38.0 -6841.150 5088.405 104.923
        38     39.0 -6720.216 5222.490 104.862
        39     40.0 -6733.463 5063.516 104.795
        40     41.0 -6734.979 5013.589 104.741
        41     42.0 -6753.094 4992.434 104.689
        42     43.0 -6647.102 4900.870 104.628
        43     44.0 -6722.731 5224.201 104.574
        44     45.0 -6765.267 5049.141 104.539
        45     46.0 -6602.839 4966.776 104.515
        46     47.0 -6556.118 5086.921 104.487
        47     48.0 -6897.806 5042.718 104.464
        48     49.0 -6840.925 5029.415 104.442
        49     50.0 -6766.954 4912.431 104.416
        50     51.0 -6770.261 5166.226 104.396
        51     52.0 -6721.457 5045.225 104.354
        52     53.0 -6814.029 5066.526 104.333
        53     54.0 -6822.585 5153.858 104.315
        54     55.0 -6803.099 5046.571 104.296
        55     56.0 -6860.313 4913.040 104.281
        56     57.0 -6799.864 5058.389 104.243
        57     58.0 -6780.614 5066.598 104.209
        58     59.0 -6829.379 4993.419 104.191
        59     60.0 -6833.200 5030.279 104.161
        60     61.0 -6776.232 5101.680 104.136
        61     62.0 -6885.712 5129.776 103.906
        62     63.0 -6796.896 4966.262 103.884
        63     64.0 -6807.236 5051.860 103.856
        64     65.0 -6817.271 5123.973 103.834
        65     66.0 -6922.647 5057.142 103.815
        66     67.0 -6936.196 5035.763 103.804
        67     68.0 -6993.993 5003.877 103.797
        68     69.0 -6787.361 4984.798 103.788
        69     70.0 -6797.934 4973.381 103.783
        70     71.0 -6935.352 5080.482 103.767
        71     72.0 -6934.391 5107.863 103.751
        72     73.0 -6930.971 4988.333 103.737
        73     74.0 -6921.358 5010.721 103.728
        74     75.0 -6801.676 5021.865 103.723
        75     76.0 -6904.038 5051.892 103.717
        76     77.0 -6858.746 5020.522 103.704
        77     78.0 -6833.801 4971.058 103.698
        78     79.0 -6854.008 5072.385 103.692
        79     80.0 -6768.757 5118.095 103.688
        80     81.0 -6792.854 4983.332 103.675
        81     82.0 -6830.718 4973.504 103.670
        82     83.0 -6836.574 5029.795 103.667
        83     84.0 -6947.489 5074.148 103.661
        84     85.0 -6841.438 5048.892 103.627
        85     86.0 -6956.723 4995.722 103.622
        86     87.0 -6782.633 5180.283 103.620
        87     88.0 -6869.480 4913.329 103.615
        88     89.0 -6722.836 5137.775 103.466
        89     90.0 -6869.157 5001.358 103.465
        90     91.0 -6873.136 4989.011 103.462
        91     92.0 -6914.097 5142.542 103.461
        92     93.0 -6695.339 5041.403 103.457
        93     94.0 -6954.669 5136.420 103.456
        94     95.0 -6973.357 4962.059 103.455
        95     96.0 -6794.330 4940.899 103.438
        96     97.0 -6808.705 5040.137 103.438
        97     98.0 -6914.942 5014.985 103.436
        98     99.0 -6870.565 5173.457 103.435
        99    100.0 -6880.935 4971.578 103.436
