# iteration | simulation time (ps) | potential_energy (kT) | kinetic_energy (kT) | ns per day
         0      1.0 -9839.801 5495.764 64.012
         1      2.0 -10093.593 5338.679 64.238
         2      3.0 -10124.733 5311.387 64.302
         3      4.0 -10200.721 5490.813 63.149
         4      5.0 -10325.055 5383.594 63.401
         5      6.0 -10418.863 5410.246 63.567
         6      7.0 -10434.488 5369.690 63.684
         7      8.0 -10518.603 5287.519 63.780
         8      9.0 -10422.580 5295.383 63.864
         9     10.0 -10412.745 5383.109 63.919
        10     11.0 -10476.348 5366.292 63.966
        11     12.0 -10537.838 5279.885 64.004
        12     13.0 -10540.479 5321.312 64.037
        13     14.0 -10481.407 5321.689 64.063
        14     15.0 -10469.507 5427.559 64.088
        15     16.0 -10356.416 5394.133 64.109
        16     17.0 -10461.081 5446.310 64.132
        17     18.0 -10506.724 5403.225 64.148
        18     19.0 -10372.792 5460.900 64.164
        19     20.0 -10627.004 5467.293 64.175
        20     21.0 -10587.763 5510.020 64.188
        21     22.0 -10489.623 5333.230 64.198
        22     23.0 -10514.519 5325.195 64.210
        23     24.0 -10586.805 5472.990 64.219
        24     25.0 -10538.320 5356.813 64.228
        25     26.0 -10505.658 5312.227 64.052
        26     27.0 -10528.484 5402.658 64.067
        27     28.0 -10518.659 5410.014 64.081
        28     29.0 -10655.947 5379.510 64.093
        29     30.0 -10524.068 5350.041 64.109
        30     31.0 -10590.627 5452.695 64.119
        31     32.0 -10666.857 5400.058 64.128
        32     33.0 -10631.626 5326.096 64.129
        33     34.0 -10607.474 5350.895 64.132
        34     35.0 -10554.689 5451.335 64.125
        35     36.0 -10659.891 5334.143 64.118
        36     37.0 -10647.717 5373.120 64.113
        37     38.0 -10636.737 5523.047 64.102
        38     39.0 -10681.438 5399.637 64.091
        39     40.0 -10682.999 5311.115 64.085
        40     41.0 -10811.675 5457.299 64.080
        41     42.0 -10535.452 5443.580 64.074
        42     43.0 -10659.846 5498.923 64.070
        43     44.0 -10582.911 5421.814 64.065
        44     45.0 -10663.480 5426.365 64.062
        45     46.0 -10719.732 5314.543 64.056
        46     47.0 -10670.898 5242.696 64.051
        47     48.0 -10643.048 5393.290 63.973
        48     49.0 -10662.419 5481.375 63.970
        49     50.0 -10534.158 5313.496 63.970
        50     51.0 -10682.335 5509.573 63.967
        51     52.0 -10757.879 5505.836 63.963
        52     53.0 -10583.998 5473.172 63.963
        53     54.0 -10646.032 5479.533 63.961
        54     55.0 -10715.554 5355.844 63.959
        55     56.0 -10738.699 5405.696 63.956
        56     57.0 -10760.847 5309.939 63.954
        57     58.0 -10617.185 5402.443 63.952
        58     59.0 -10716.475 5427.891 63.949
        59     60.0 -10526.471 5428.060 63.947
        60     61.0 -10685.172 5342.518 63.945
        61     62.0 -10715.332 5335.217 63.943
        62     63.0 -10780.932 5325.171 63.941
        63     64.0 -10728.920 5433.598 63.938
        64     65.0 -10599.222 5338.627 63.936
        65     66.0 -10622.707 5454.033 63.934
        66     67.0 -10687.421 5369.484 63.932
        67     68.0 -10693.851 5370.589 63.930
        68     69.0 -10783.488 5501.780 63.927
        69     70.0 -10685.312 5455.490 63.874
        70     71.0 -10807.261 5241.485 63.873
        71     72.0 -10836.538 5490.333 63.872
        72     73.0 -10609.088 5439.199 63.871
        73     74.0 -10719.308 5368.459 63.870
        74     75.0 -10677.226 5378.126 63.869
        75     76.0 -10833.988 5334.857 63.868
        76     77.0 -10849.496 5402.731 63.868
        77     78.0 -10739.475 5440.532 63.867
        78     79.0 -10734.950 5485.791 63.867
        79     80.0 -10724.347 5510.439 63.866
        80     81.0 -10745.817 5465.457 63.865
        81     82.0 -10692.411 5379.432 63.864
        82     83.0 -10851.127 5501.198 63.864
        83     84.0 -10710.047 5181.467 63.864
        84     85.0 -10757.148 5524.835 63.863
        85     86.0 -10763.711 5334.763 63.862
        86     87.0 -10688.534 5587.043 63.862
        87     88.0 -10563.159 5432.261 63.861
        88     89.0 -10703.787 5510.974 63.862
        89     90.0 -10738.728 5314.076 63.861
        90     91.0 -10764.930 5364.379 63.860
        91     92.0 -10736.937 5356.061 63.822
        92     93.0 -10818.247 5425.556 63.822
        93     94.0 -10756.084 5299.802 63.822
        94     95.0 -10792.317 5456.672 63.822
        95     96.0 -10901.084 5260.953 63.822
        96     97.0 -10771.923 5355.264 63.821
        97     98.0 -10736.281 5417.259 63.821
        98     99.0 -10840.583 5450.500 63.821
        99    100.0 -10621.946 5295.942 63.821
