# iteration | simulation time (ps) | potential_energy (kT) | kinetic_energy (kT) | ns per day
         0      1.0 -7092.038 5060.654 120.140
         1      2.0 -7111.542 5019.074 119.593
         2      3.0 -7188.615 5101.418 119.542
         3      4.0 -7163.922 5009.637 119.518
         4      5.0 -7234.110 4969.178 119.452
         5      6.0 -7267.070 4860.437 119.356
         6      7.0 -7141.030 4994.936 119.337
         7      8.0 -7253.291 4987.476 119.336
         8      9.0 -7040.196 4977.675 109.185
         9     10.0 -7084.210 5183.981 110.136
        10     11.0 -7269.412 5017.698 110.919
        11     12.0 -7113.511 5030.252 109.663
        12     13.0 -7104.460 4895.186 110.358
        13     14.0 -7325.223 5021.690 110.959
        14     15.0 -7106.061 5046.309 111.471
        15     16.0 -7230.098 5003.483 111.935
        16     17.0 -7263.253 5095.437 112.347
        17     18.0 -7236.519 5083.436 112.706
        18     19.0 -7134.193 5033.154 113.027
        19     20.0 -7314.870 4938.202 113.316
        20     21.0 -7171.060 5140.228 113.583
        21     22.0 -7169.750 5062.033 113.787
        22     23.0 -7175.244 5116.247 114.016
        23     24.0 -7175.831 5049.828 114.199
        24     25.0 -7211.236 5012.121 114.368
        25     26.0 -7199.522 5144.467 114.531
        26     27.0 -7199.486 4997.305 114.690
        27     28.0 -7219.034 5137.985 114.831
        28     29.0 -7249.656 5019.765 114.960
        29     30.0 -7241.188 5069.869 115.080
        30     31.0 -7210.375 5076.036 115.186
        31     32.0 -7183.612 5073.239 115.288
        32     33.0 -7196.579 5070.306 115.378
        33     34.0 -7183.394 4949.733 115.455
        34     35.0 -7320.064 4990.002 115.535
        35     36.0 -7312.213 5063.335 115.611
        36     37.0 -7214.141 5148.006 115.680
        37     38.0 -7249.085 5048.008 115.748
        38     39.0 -7250.622 5138.223 115.242
        39     40.0 -7211.021 5092.778 115.315
        40     41.0 -7233.401 5192.702 115.376
        41     42.0 -7305.464 5085.679 115.441
        42     43.0 -7241.765 5007.682 115.504
        43     44.0 -7309.499 5162.325 115.558
        44     45.0 -7215.638 5072.312 115.616
        45     46.0 -7197.443 5040.311 115.669
        46     47.0 -7276.059 5062.570 115.721
        47     48.0 -7279.855 5060.711 115.775
        48     49.0 -7168.355 5014.106 115.817
        49     50.0 -7319.531 4885.035 115.857
        50     51.0 -7209.011 5031.433 115.894
        51     52.0 -7262.029 5121.507 115.931
        52     53.0 -7400.384 4829.950 115.965
        53     54.0 -7402.132 5131.742 115.999
        54     55.0 -7166.870 4944.849 116.033
        55     56.0 -7267.826 5033.530 116.067
        56     57.0 -7312.779 4971.531 116.098
        57     58.0 -7388.427 4967.678 116.129
        58     59.0 -7383.569 4844.137 116.163
        59     60.0 -7339.637 5127.766 116.189
        60     61.0 -7098.889 5136.323 116.208
        61     62.0 -7227.523 4961.663 116.241
        62     63.0 -7265.691 5129.791 116.262
        63     64.0 -7322.909 4983.196 116.283
        64     65.0 -7247.659 5002.459 116.302
        65     66.0 -7296.119 5066.078 115.991
        66     67.0 -7212.383 5045.937 116.015
        67     68.0 -7336.731 5011.256 116.034
        68     69.0 -7384.061 4776.173 116.052
        69     70.0 -7426.451 5121.336 116.071
        70     71.0 -7232.846 5145.042 116.085
        71     72.0 -7374.406 5009.757 116.105
        72     73.0 -7292.422 4942.033 116.116
        73     74.0 -7227.743 4960.904 116.135
        74     75.0 -7288.429 4913.662 116.144
        75     76.0 -7308.622 5003.627 116.159
        76     77.0 -7331.552 4956.056 116.169
        77     78.0 -7349.471 4942.349 116.180
        78     79.0 -7255.194 5021.409 116.196
        79     80.0 -7378.345 5127.981 116.205
        80     81.0 -7411.356 5049.474 116.218
        81     82.0 -7373.082 5067.979 116.233
        82     83.0 -7351.143 4986.942 116.249
        83     84.0 -7275.682 4955.476 116.265
        84     85.0 -7305.213 5067.037 116.279
        85     86.0 -7251.862 5001.375 116.287
        86     87.0 -7293.900 5105.228 116.299
        87     88.0 -7286.952 5025.036 116.307
        88     89.0 -7327.308 5015.228 116.321
        89     90.0 -7264.784 5031.473 116.326
        90     91.0 -7224.864 5061.371 116.329
        91     92.0 -7181.546 5072.349 116.084
        92     93.0 -7265.128 5052.666 116.095
        93     94.0 -7167.835 5031.111 116.102
        94     95.0 -7386.199 5172.281 115.848
        95     96.0 -7274.352 4970.441 115.856
        96     97.0 -7446.549 5083.707 115.868
        97     98.0 -7200.086 5035.521 115.876
        98     99.0 -7204.840 4972.821 115.883
        99    100.0 -7332.473 5169.966 115.890
